chr	1	ctcf	1658	903	0.5519559902200489	-1212.3133099466063
chr	1	smc3	1658	716	0.4371184371184371	-1212.3133099466063
chr	1	rad21	1658	755	0.46008531383302864	-1212.3133099466063
chr	1	polr2a	1658	353	0.21669736034376919	-1212.3133099466063
chr	1	H3K9me3	1658	137	0.08272946859903382	-1212.3133099466063
chr	1	h3k4me3	1658	456	0.28182941903584674	-1212.3133099466063
chr	1	H3K4me1	1658	560	0.3446153846153846	-1212.3133099466063
chr	1	H3K36me3	1658	298	0.1814859926918392	-1212.3133099466063
chr	2	ctcf	1613	1597	1.0	3999.9473393699086
chr	2	smc3	1613	630	0.39325842696629215	3999.9473393699086
chr	2	rad21	1613	1600	1.0	3999.9473393699086
chr	2	polr2a	1613	270	0.16811955168119552	3999.9473393699086
chr	2	H3K9me3	1613	150	0.09328358208955224	3999.9473393699086
chr	2	h3k4me3	1613	324	0.2033898305084746	3999.9473393699086
chr	2	H3K4me1	1613	439	0.2755806654111739	3999.9473393699086
chr	2	H3K36me3	1613	228	0.1424109931292942	3999.9473393699086
chr	3	ctcf	1320	639	0.48778625954198473	3880.335311498404
chr	3	smc3	1320	486	0.3712757830404889	3880.335311498404
chr	3	rad21	1320	537	0.4105504587155963	3880.335311498404
chr	3	polr2a	1320	235	0.17870722433460076	3880.335311498404
chr	3	H3K9me3	1320	127	0.09650455927051672	3880.335311498404
chr	3	h3k4me3	1320	281	0.21682098765432098	3880.335311498404
chr	3	H3K4me1	1320	360	0.27522935779816515	3880.335311498404
chr	3	H3K36me3	1320	190	0.14548238897396631	3880.335311498404
chr	4	ctcf	1267	536	0.42641209228321403	2595.09797820706
chr	4	smc3	1267	400	0.3184713375796178	2595.09797820706
chr	4	rad21	1267	445	0.3537360890302067	2595.09797820706
chr	4	polr2a	1267	145	0.11471518987341772	2595.09797820706
chr	4	H3K9me3	1267	70	0.055248618784530384	2595.09797820706
chr	4	h3k4me3	1267	185	0.14764565043894654	2595.09797820706
chr	4	H3K4me1	1267	237	0.1888446215139442	2595.09797820706
chr	4	H3K36me3	1267	101	0.08009516256938938	2595.09797820706
chr	5	ctcf	1209	549	0.456359102244389	3471.2793805492884
chr	5	smc3	1209	440	0.3657522859517872	3471.2793805492884
chr	5	rad21	1209	471	0.391846921797005	3471.2793805492884
chr	5	polr2a	1209	166	0.13833333333333334	3471.2793805492884
chr	5	H3K9me3	1209	98	0.08132780082987552	3471.2793805492884
chr	5	h3k4me3	1209	228	0.19047619047619047	3471.2793805492884
chr	5	H3K4me1	1209	276	0.23154362416107382	3471.2793805492884
chr	5	H3K36me3	1209	149	0.12416666666666666	3471.2793805492884
chr	6	ctcf	1137	567	0.5013262599469496	2113.6221713920518
chr	6	smc3	1137	454	0.40176991150442476	2113.6221713920518
chr	6	rad21	1137	473	0.4174757281553398	2113.6221713920518
chr	6	polr2a	1137	201	0.17819148936170212	2113.6221713920518
chr	6	H3K9me3	1137	117	0.10299295774647887	2113.6221713920518
chr	6	h3k4me3	1137	280	0.2513464991023339	2113.6221713920518
chr	6	H3K4me1	1137	347	0.3095450490633363	2113.6221713920518
chr	6	H3K36me3	1137	159	0.1408325952170062	2113.6221713920518
chr	7	ctcf	1061	489	0.4630681818181818	3763.1271679545316
chr	7	smc3	1061	380	0.36087369420702753	3763.1271679545316
chr	7	rad21	1061	404	0.38293838862559243	3763.1271679545316
chr	7	polr2a	1061	173	0.16413662239089183	3763.1271679545316
chr	7	H3K9me3	1061	85	0.08011310084825636	3763.1271679545316
chr	7	h3k4me3	1061	194	0.1851145038167939	3763.1271679545316
chr	7	H3K4me1	1061	241	0.22930542340627974	3763.1271679545316
chr	7	H3K36me3	1061	141	0.13364928909952606	3763.1271679545316
chr	8	ctcf	966	461	0.48020833333333335	2483.599122579126
chr	8	smc3	966	375	0.3894080996884735	2483.599122579126
chr	8	rad21	966	400	0.4158004158004158	2483.599122579126
chr	8	polr2a	966	147	0.15217391304347827	2483.599122579126
chr	8	H3K9me3	966	67	0.0694300518134715	2483.599122579126
chr	8	h3k4me3	966	185	0.1931106471816284	2483.599122579126
chr	8	H3K4me1	966	241	0.25156576200417535	2483.599122579126
chr	8	H3K36me3	966	102	0.10658307210031348	2483.599122579126
chr	9	ctcf	921	914	1.0	-1394.003408140239
chr	9	smc3	921	320	0.3489640130861505	-1394.003408140239
chr	9	rad21	921	342	0.3737704918032787	-1394.003408140239
chr	9	polr2a	921	176	0.191512513601741	-1394.003408140239
chr	9	H3K9me3	921	57	0.06195652173913044	-1394.003408140239
chr	9	h3k4me3	921	194	0.21389195148842338	-1394.003408140239
chr	9	H3K4me1	921	270	0.29867256637168144	-1394.003408140239
chr	9	H3K36me3	921	145	0.15951595159515952	-1394.003408140239
chr	10	ctcf	891	465	0.5260180995475113	4053.678412605015
chr	10	smc3	891	380	0.4288939051918736	4053.678412605015
chr	10	rad21	891	390	0.4406779661016949	4053.678412605015
chr	10	polr2a	891	168	0.18961625282167044	4053.678412605015
chr	10	H3K9me3	891	87	0.09775280898876404	4053.678412605015
chr	10	h3k4me3	891	203	0.23120728929384965	4053.678412605015
chr	10	H3K4me1	891	273	0.3116438356164384	4053.678412605015
chr	10	H3K36me3	891	144	0.16234498308906425	4053.678412605015
chr	11	ctcf	899	478	0.5346756152125279	3397.8349803363258
chr	11	smc3	899	385	0.4311310190369541	3397.8349803363258
chr	11	rad21	899	393	0.44157303370786516	3397.8349803363258
chr	11	polr2a	899	178	0.19932810750279956	3397.8349803363258
chr	11	H3K9me3	899	56	0.06229143492769744	3397.8349803363258
chr	11	h3k4me3	899	212	0.23820224719101124	3397.8349803363258
chr	11	H3K4me1	899	274	0.30786516853932583	3397.8349803363258
chr	11	H3K36me3	899	154	0.17206703910614526	3397.8349803363258
chr	12	ctcf	887	483	0.5507411630558723	3934.239159618002
chr	12	smc3	887	397	0.45062429057888764	3934.239159618002
chr	12	rad21	887	408	0.46258503401360546	3934.239159618002
chr	12	polr2a	887	197	0.22514285714285714	3934.239159618002
chr	12	H3K9me3	887	103	0.11638418079096045	3934.239159618002
chr	12	h3k4me3	887	234	0.2705202312138728	3934.239159618002
chr	12	H3K4me1	887	528	0.6104046242774567	3934.239159618002
chr	12	H3K36me3	887	495	0.5657142857142857	3934.239159618002
chr	13	ctcf	761	266	0.35092348284960423	3991.6953090666702
chr	13	smc3	761	198	0.26018396846254926	3991.6953090666702
chr	13	rad21	761	215	0.28289473684210525	3991.6953090666702
chr	13	polr2a	761	84	0.11081794195250659	3991.6953090666702
chr	13	H3K9me3	761	48	0.06315789473684211	3991.6953090666702
chr	13	h3k4me3	761	109	0.14513981358189082	3991.6953090666702
chr	13	H3K4me1	761	150	0.19710906701708278	3991.6953090666702
chr	13	H3K36me3	761	61	0.08036890645586298	3991.6953090666702
chr	14	ctcf	711	335	0.4745042492917847	3478.2925846634885
chr	14	smc3	711	272	0.38636363636363635	3478.2925846634885
chr	14	rad21	711	294	0.4152542372881356	3478.2925846634885
chr	14	polr2a	711	144	0.20310296191819463	3478.2925846634885
chr	14	H3K9me3	711	71	0.1	3478.2925846634885
chr	14	h3k4me3	711	169	0.24177396280400573	3478.2925846634885
chr	14	H3K4me1	711	222	0.3162393162393162	3478.2925846634885
chr	14	H3K36me3	711	115	0.16242937853107345	3478.2925846634885
chr	15	ctcf	679	344	0.5119047619047619	4244.275531154379
chr	15	smc3	679	291	0.4311111111111111	4244.275531154379
chr	15	rad21	679	295	0.43703703703703706	4244.275531154379
chr	15	polr2a	679	149	0.22205663189269748	4244.275531154379
chr	15	H3K9me3	679	51	0.07533234859675036	4244.275531154379
chr	15	h3k4me3	679	178	0.2688821752265861	4244.275531154379
chr	15	H3K4me1	679	226	0.3445121951219512	4244.275531154379
chr	15	H3K36me3	679	126	0.1863905325443787	4244.275531154379
chr	16	ctcf	600	599	1.0	-802.5423254284772
chr	16	smc3	600	238	0.3979933110367893	-802.5423254284772
chr	16	rad21	600	238	0.3973288814691152	-802.5423254284772
chr	16	polr2a	600	163	0.27533783783783783	-802.5423254284772
chr	16	H3K9me3	600	38	0.06333333333333334	-802.5423254284772
chr	16	h3k4me3	600	161	0.27902946273830154	-802.5423254284772
chr	16	H3K4me1	600	187	0.3218588640275387	-802.5423254284772
chr	16	H3K36me3	600	139	0.23519458544839256	-802.5423254284772
chr	17	ctcf	554	353	0.6441605839416058	994.8718585610159
chr	17	smc3	554	295	0.5373406193078324	994.8718585610159
chr	17	rad21	554	301	0.5472727272727272	994.8718585610159
chr	17	polr2a	554	218	0.40370370370370373	994.8718585610159
chr	17	H3K9me3	554	43	0.07775768535262206	994.8718585610159
chr	17	h3k4me3	554	244	0.45607476635514016	994.8718585610159
chr	17	H3K4me1	554	270	0.5075187969924813	994.8718585610159
chr	17	H3K36me3	554	182	0.33891992551210426	994.8718585610159
chr	18	ctcf	534	229	0.43045112781954886	-35.74321266151037
chr	18	smc3	534	185	0.3464419475655431	-35.74321266151037
chr	18	rad21	534	196	0.36704119850187267	-35.74321266151037
chr	18	polr2a	534	58	0.10922787193973635	-35.74321266151037
chr	18	H3K9me3	534	43	0.08052434456928839	-35.74321266151037
chr	18	h3k4me3	534	83	0.15630885122410546	-35.74321266151037
chr	18	H3K4me1	534	112	0.21212121212121213	-35.74321266151037
chr	18	H3K36me3	534	62	0.11610486891385768	-35.74321266151037
chr	19	ctcf	390	269	0.6915167095115681	3748.65375052126
chr	19	smc3	390	225	0.5798969072164949	3748.65375052126
chr	19	rad21	390	220	0.5670103092783505	3748.65375052126
chr	19	polr2a	390	210	0.546875	3748.65375052126
chr	19	H3K9me3	390	66	0.17054263565891473	3748.65375052126
chr	19	h3k4me3	390	205	0.5510752688172043	3748.65375052126
chr	19	H3K4me1	390	188	0.5013333333333333	3748.65375052126
chr	19	H3K36me3	390	153	0.40691489361702127	3748.65375052126
chr	20	ctcf	428	269	0.6359338061465721	-74.01024192809427
chr	20	smc3	428	230	0.5424528301886793	-74.01024192809427
chr	20	rad21	428	232	0.5458823529411765	-74.01024192809427
chr	20	polr2a	428	108	0.25471698113207547	-74.01024192809427
chr	20	H3K9me3	428	35	0.08177570093457943	-74.01024192809427
chr	20	h3k4me3	428	125	0.2976190476190476	-74.01024192809427
chr	20	H3K4me1	428	167	0.40047961630695444	-74.01024192809427
chr	20	H3K36me3	428	99	0.23404255319148937	-74.01024192809427
chr	21	ctcf	310	108	0.3517915309446254	1784.3703566720735
chr	21	smc3	310	82	0.2671009771986971	1784.3703566720735
chr	21	rad21	310	89	0.288961038961039	1784.3703566720735
chr	21	polr2a	310	43	0.13870967741935483	1784.3703566720735
chr	21	H3K9me3	310	18	0.05806451612903226	1784.3703566720735
chr	21	h3k4me3	310	56	0.18064516129032257	1784.3703566720735
chr	21	H3K4me1	310	66	0.21428571428571427	1784.3703566720735
chr	21	H3K36me3	310	32	0.1038961038961039	1784.3703566720735
chr	22	ctcf	338	207	0.6124260355029586	2313.1668087292287
chr	22	smc3	338	165	0.4881656804733728	2313.1668087292287
chr	22	rad21	338	161	0.47774480712166173	2313.1668087292287
chr	22	polr2a	338	123	0.37272727272727274	2313.1668087292287
chr	22	H3K9me3	338	24	0.07100591715976332	2313.1668087292287
chr	22	h3k4me3	338	116	0.3558282208588957	2313.1668087292287
chr	22	H3K4me1	338	143	0.446875	2313.1668087292287
chr	22	H3K36me3	338	112	0.3333333333333333	2313.1668087292287
