19	950000	27	1350000
28	1400000	35	1750000
36	1800000	38	1900000
39	1950000	43	2150000
44	2200000	48	2400000
49	2450000	54	2700000
55	2750000	55	2750000
56	2800000	68	3400000
69	3450000	69	3450000
70	3500000	78	3900000
79	3950000	109	5450000
110	5500000	118	5900000
119	5950000	124	6200000
125	6250000	130	6500000
131	6550000	138	6900000
139	6950000	145	7250000
146	7300000	153	7650000
154	7700000	159	7950000
160	8000000	167	8350000
168	8400000	168	8400000
169	8450000	177	8850000
178	8900000	185	9250000
186	9300000	190	9500000
191	9550000	191	9550000
192	9600000	209	10450000
210	10500000	210	10500000
211	10550000	219	10950000
220	11000000	225	11250000
226	11300000	235	11750000
236	11800000	245	12250000
246	12300000	254	12700000
255	12750000	262	13100000
263	13150000	273	13650000
274	13700000	274	13700000
275	13750000	281	14050000
282	14100000	301	15050000
302	15100000	302	15100000
303	15150000	306	15300000
307	15350000	310	15500000
311	15550000	318	15900000
319	15950000	323	16150000
324	16200000	330	16500000
331	16550000	336	16800000
337	16850000	338	16900000
339	16950000	341	17050000
342	17100000	346	17300000
347	17350000	353	17650000
354	17700000	377	18850000
378	18900000	386	19300000
387	19350000	394	19700000
395	19750000	397	19850000
398	19900000	404	20200000
405	20250000	411	20550000
412	20600000	414	20700000
415	20750000	424	21200000
425	21250000	433	21650000
434	21700000	441	22050000
442	22100000	442	22100000
443	22150000	459	22950000
460	23000000	466	23300000
467	23350000	472	23600000
473	23650000	475	23750000
476	23800000	480	24000000
481	24050000	483	24150000
484	24200000	488	24400000
489	24450000	493	24650000
494	24700000	497	24850000
498	24900000	505	25250000
506	25300000	510	25500000
511	25550000	517	25850000
518	25900000	521	26050000
522	26100000	530	26500000
531	26550000	538	26900000
539	26950000	547	27350000
548	27400000	554	27700000
555	27750000	558	27900000
559	27950000	560	28000000
561	28050000	565	28250000
566	28300000	575	28750000
576	28800000	584	29200000
585	29250000	585	29250000
586	29300000	614	30700000
615	30750000	615	30750000
616	30800000	619	30950000
620	31000000	630	31500000
631	31550000	642	32100000
643	32150000	648	32400000
649	32450000	658	32900000
659	32950000	662	33100000
663	33150000	670	33500000
671	33550000	673	33650000
674	33700000	688	34400000
689	34450000	693	34650000
694	34700000	697	34850000
698	34900000	711	35550000
712	35600000	716	35800000
717	35850000	721	36050000
722	36100000	730	36500000
731	36550000	731	36550000
732	36600000	749	37450000
750	37500000	756	37800000
757	37850000	761	38050000
762	38100000	777	38850000
778	38900000	781	39050000
782	39100000	795	39750000
796	39800000	801	40050000
802	40100000	809	40450000
810	40500000	811	40550000
812	40600000	820	41000000
821	41050000	827	41350000
828	41400000	830	41500000
831	41550000	844	42200000
845	42250000	847	42350000
848	42400000	856	42800000
857	42850000	857	42850000
858	42900000	863	43150000
864	43200000	870	43500000
871	43550000	875	43750000
876	43800000	879	43950000
880	44000000	884	44200000
885	44250000	893	44650000
894	44700000	899	44950000
900	45000000	906	45300000
907	45350000	909	45450000
910	45500000	911	45550000
912	45600000	920	46000000
921	46050000	924	46200000
925	46250000	927	46350000
928	46400000	935	46750000
936	46800000	944	47200000
945	47250000	947	47350000
948	47400000	956	47800000
957	47850000	970	48500000
971	48550000	979	48950000
980	49000000	1001	50050000
1002	50100000	1007	50350000
1008	50400000	1015	50750000
1016	50800000	1024	51200000
1025	51250000	1041	52050000
1042	52100000	1047	52350000
1048	52400000	1064	53200000
1065	53250000	1065	53250000
1066	53300000	1069	53450000
1070	53500000	1076	53800000
1077	53850000	1078	53900000
1079	53950000	1082	54100000
1083	54150000	1091	54550000
1092	54600000	1101	55050000
1102	55100000	1107	55350000
1108	55400000	1119	55950000
1120	56000000	1132	56600000
1133	56650000	1136	56800000
1137	56850000	1170	58500000
1171	58550000	1174	58700000
1175	58750000	1175	58750000
1176	58800000	1186	59300000
1187	59350000	1195	59750000
1196	59800000	1203	60150000
1204	60200000	1215	60750000
1216	60800000	1221	61050000
1222	61100000	1238	61900000
1239	61950000	1242	62100000
1243	62150000	1249	62450000
1250	62500000	1256	62800000
1257	62850000	1257	62850000
1258	62900000	1266	63300000
1267	63350000	1273	63650000
1274	63700000	1283	64150000
1284	64200000	1284	64200000
1285	64250000	1294	64700000
1295	64750000	1297	64850000
1298	64900000	1300	65000000
1301	65050000	1304	65200000
1305	65250000	1315	65750000
1316	65800000	1317	65850000
1318	65900000	1325	66250000
1326	66300000	1329	66450000
1330	66500000	1335	66750000
1336	66800000	1344	67200000
1345	67250000	1351	67550000
1352	67600000	1357	67850000
1358	67900000	1361	68050000
1362	68100000	1369	68450000
1370	68500000	1396	69800000
1397	69850000	1402	70100000
1403	70150000	1411	70550000
1412	70600000	1412	70600000
1413	70650000	1421	71050000
1422	71100000	1422	71100000
1423	71150000	1431	71550000
1432	71600000	1441	72050000
1442	72100000	1481	74050000
1482	74100000	1495	74750000
1496	74800000	1505	75250000
1506	75300000	1514	75700000
1515	75750000	1522	76100000
1523	76150000	1543	77150000
1544	77200000	1551	77550000
1552	77600000	1563	78150000
1564	78200000	1572	78600000
1573	78650000	1576	78800000
1577	78850000	1585	79250000
1586	79300000	1590	79500000
1591	79550000	1608	80400000
1609	80450000	1628	81400000
1629	81450000	1637	81850000
1638	81900000	1640	82000000
1641	82050000	1649	82450000
1650	82500000	1665	83250000
1666	83300000	1677	83850000
1678	83900000	1678	83900000
1679	83950000	1696	84800000
1697	84850000	1706	85300000
1707	85350000	1713	85650000
1714	85700000	1723	86150000
1724	86200000	1736	86800000
1737	86850000	1742	87100000
1743	87150000	1746	87300000
1747	87350000	1761	88050000
1762	88100000	1772	88600000
1773	88650000	1778	88900000
1779	88950000	1780	89000000
1781	89050000	1789	89450000
1790	89500000	1796	89800000
1797	89850000	1800	90000000
1801	90050000	1802	90100000
1803	90150000	1812	90600000
1813	90650000	1818	90900000
1819	90950000	1824	91200000
1825	91250000	1830	91500000
1831	91550000	1839	91950000
1840	92000000	1845	92250000
1846	92300000	1853	92650000
1854	92700000	1858	92900000
1859	92950000	1866	93300000
1867	93350000	1875	93750000
1876	93800000	1879	93950000
1880	94000000	1888	94400000
1889	94450000	1897	94850000
1898	94900000	1902	95100000
1903	95150000	1934	96700000
1935	96750000	1942	97100000
1943	97150000	1951	97550000
1952	97600000	1963	98150000
1964	98200000	1982	99100000
1983	99150000	1994	99700000
1995	99750000	1995	99750000
1996	99800000	2003	100150000
2004	100200000	2009	100450000
2010	100500000	2018	100900000
2019	100950000	2027	101350000
2028	101400000	2030	101500000
2031	101550000	2051	102550000
2052	102600000	2060	103000000
2061	103050000	2061	103050000
2062	103100000	2070	103500000
2071	103550000	2073	103650000
2074	103700000	2076	103800000
2077	103850000	2093	104650000
2094	104700000	2118	105900000
2119	105950000	2152	107600000
2153	107650000	2155	107750000
2156	107800000	2164	108200000
2165	108250000	2167	108350000
2168	108400000	2169	108450000
2170	108500000	2174	108700000
2175	108750000	2184	109200000
2185	109250000	2189	109450000
2190	109500000	2197	109850000
2198	109900000	2203	110150000
2204	110200000	2210	110500000
2211	110550000	2211	110550000
2212	110600000	2216	110800000
2217	110850000	2229	111450000
2230	111500000	2235	111750000
2236	111800000	2236	111800000
2237	111850000	2247	112350000
2248	112400000	2254	112700000
2255	112750000	2262	113100000
2263	113150000	2274	113700000
2275	113750000	2279	113950000
2280	114000000	2287	114350000
2288	114400000	2296	114800000
2297	114850000	2302	115100000
2303	115150000	2312	115600000
2313	115650000	2316	115800000
2317	115850000	2322	116100000
2323	116150000	2331	116550000
2332	116600000	2336	116800000
2337	116850000	2342	117100000
2343	117150000	2350	117500000
2351	117550000	2356	117800000
2357	117850000	2362	118100000
2363	118150000	2381	119050000
2382	119100000	2388	119400000
2389	119450000	2396	119800000
2397	119850000	2404	120200000
2405	120250000	2406	120300000
2407	120350000	2414	120700000
2415	120750000	2422	121100000
2423	121150000	2430	121500000
2456	122800000	2466	123300000
2467	123350000	2469	123450000
2470	123500000	2472	123600000
2473	123650000	2475	123750000
2476	123800000	2479	123950000
2480	124000000	2495	124750000
2496	124800000	2496	124800000
2497	124850000	2498	124900000
2870	143500000	2871	143550000
2872	143600000	2875	143750000
2876	143800000	2879	143950000
2880	144000000	2882	144100000
2899	144950000	2902	145100000
2903	145150000	2911	145550000
2912	145600000	2916	145800000
2917	145850000	2921	146050000
2922	146100000	2925	146250000
2927	146350000	2928	146400000
2929	146450000	2936	146800000
2937	146850000	2945	147250000
2946	147300000	2949	147450000
2950	147500000	2958	147900000
2959	147950000	2966	148300000
2967	148350000	2970	148500000
2971	148550000	2972	148600000
2973	148650000	2974	148700000
2975	148750000	2975	148750000
2977	148850000	2984	149200000
2985	149250000	2986	149300000
2987	149350000	2987	149350000
2988	149400000	2996	149800000
2997	149850000	2997	149850000
2998	149900000	3003	150150000
3004	150200000	3012	150600000
3013	150650000	3020	151000000
3021	151050000	3028	151400000
3029	151450000	3037	151850000
3038	151900000	3041	152050000
3042	152100000	3050	152500000
3051	152550000	3065	153250000
3066	153300000	3076	153800000
3077	153850000	3080	154000000
3081	154050000	3086	154300000
3087	154350000	3091	154550000
3092	154600000	3100	155000000
3101	155050000	3104	155200000
3105	155250000	3113	155650000
3114	155700000	3121	156050000
3122	156100000	3127	156350000
3128	156400000	3133	156650000
3134	156700000	3138	156900000
3139	156950000	3143	157150000
3144	157200000	3150	157500000
3151	157550000	3158	157900000
3159	157950000	3163	158150000
3164	158200000	3170	158500000
3171	158550000	3180	159000000
3181	159050000	3181	159050000
3182	159100000	3185	159250000
3186	159300000	3195	159750000
3196	159800000	3201	160050000
3202	160100000	3208	160400000
3209	160450000	3213	160650000
3214	160700000	3220	161000000
3221	161050000	3223	161150000
3224	161200000	3228	161400000
3229	161450000	3229	161450000
3230	161500000	3235	161750000
3236	161800000	3249	162450000
3250	162500000	3250	162500000
3251	162550000	3257	162850000
3258	162900000	3266	163300000
3267	163350000	3267	163350000
3268	163400000	3303	165150000
3304	165200000	3307	165350000
3308	165400000	3312	165600000
3313	165650000	3319	165950000
3320	166000000	3330	166500000
3331	166550000	3337	166850000
3338	166900000	3342	167100000
3343	167150000	3343	167150000
3344	167200000	3351	167550000
3352	167600000	3355	167750000
3356	167800000	3367	168350000
3368	168400000	3372	168600000
3373	168650000	3388	169400000
3389	169450000	3391	169550000
3392	169600000	3396	169800000
3397	169850000	3402	170100000
3403	170150000	3419	170950000
3420	171000000	3429	171450000
3430	171500000	3431	171550000
3432	171600000	3440	172000000
3441	172050000	3449	172450000
3450	172500000	3455	172750000
3456	172800000	3464	173200000
3465	173250000	3468	173400000
3469	173450000	3477	173850000
3478	173900000	3486	174300000
3487	174350000	3495	174750000
3496	174800000	3500	175000000
3501	175050000	3503	175150000
3504	175200000	3507	175350000
3508	175400000	3518	175900000
3519	175950000	3529	176450000
3530	176500000	3538	176900000
3539	176950000	3544	177200000
3545	177250000	3560	178000000
3561	178050000	3565	178250000
3566	178300000	3570	178500000
3571	178550000	3574	178700000
3575	178750000	3581	179050000
3582	179100000	3588	179400000
3589	179450000	3597	179850000
3598	179900000	3604	180200000
3605	180250000	3610	180500000
3611	180550000	3618	180900000
3619	180950000	3624	181200000
3625	181250000	3629	181450000
3630	181500000	3641	182050000
3642	182100000	3651	182550000
3652	182600000	3656	182800000
3657	182850000	3658	182900000
3659	182950000	3667	183350000
3668	183400000	3672	183600000
3673	183650000	3679	183950000
3680	184000000	3686	184300000
3687	184350000	3695	184750000
3696	184800000	3699	184950000
3700	185000000	3705	185250000
3706	185300000	3714	185700000
3715	185750000	3715	185750000
3716	185800000	3725	186250000
3726	186300000	3729	186450000
3730	186500000	3740	187000000
3741	187050000	3759	187950000
3760	188000000	3812	190600000
3813	190650000	3849	192450000
3850	192500000	3851	192550000
3852	192600000	3862	193100000
3863	193150000	3867	193350000
3868	193400000	3886	194300000
3887	194350000	3917	195850000
3918	195900000	3934	196700000
3935	196750000	3942	197100000
3943	197150000	3950	197500000
3951	197550000	3959	197950000
3960	198000000	3961	198050000
3962	198100000	3970	198500000
3971	198550000	3975	198750000
3976	198800000	3986	199300000
3987	199350000	3992	199600000
3993	199650000	4009	200450000
4010	200500000	4011	200550000
4012	200600000	4017	200850000
4018	200900000	4023	201150000
4024	201200000	4029	201450000
4030	201500000	4037	201850000
4038	201900000	4039	201950000
4040	202000000	4043	202150000
4044	202200000	4051	202550000
4052	202600000	4060	203000000
4061	203050000	4065	203250000
4066	203300000	4070	203500000
4071	203550000	4077	203850000
4078	203900000	4088	204400000
4089	204450000	4091	204550000
4092	204600000	4105	205250000
4106	205300000	4111	205550000
4112	205600000	4115	205750000
4116	205800000	4123	206150000
4124	206200000	4129	206450000
4130	206500000	4133	206650000
4134	206700000	4141	207050000
4142	207100000	4151	207550000
4152	207600000	4160	208000000
4161	208050000	4166	208300000
4167	208350000	4185	209250000
4186	209300000	4191	209550000
4192	209600000	4197	209850000
4198	209900000	4200	210000000
4201	210050000	4208	210400000
4209	210450000	4223	211150000
4224	211200000	4225	211250000
4226	211300000	4233	211650000
4234	211700000	4241	212050000
4242	212100000	4245	212250000
4246	212300000	4249	212450000
4250	212500000	4256	212800000
4257	212850000	4261	213050000
4262	213100000	4266	213300000
4267	213350000	4283	214150000
4284	214200000	4286	214300000
4287	214350000	4293	214650000
4294	214700000	4295	214750000
4296	214800000	4312	215600000
4313	215650000	4347	217350000
4348	217400000	4356	217800000
4357	217850000	4365	218250000
4366	218300000	4399	219950000
4400	220000000	4406	220300000
4407	220350000	4416	220800000
4417	220850000	4417	220850000
4418	220900000	4426	221300000
4427	221350000	4429	221450000
4430	221500000	4444	222200000
4445	222250000	4449	222450000
4450	222500000	4455	222750000
4456	222800000	4462	223100000
4463	223150000	4474	223700000
4475	223750000	4482	224100000
4483	224150000	4489	224450000
4490	224500000	4490	224500000
4491	224550000	4499	224950000
4500	225000000	4508	225400000
4509	225450000	4509	225450000
4510	225500000	4519	225950000
4520	226000000	4528	226400000
4529	226450000	4532	226600000
4533	226650000	4538	226900000
4539	226950000	4549	227450000
4550	227500000	4553	227650000
4554	227700000	4562	228100000
4563	228150000	4571	228550000
4572	228600000	4573	228650000
4574	228700000	4574	228700000
4575	228750000	4585	229250000
4586	229300000	4591	229550000
4592	229600000	4593	229650000
4594	229700000	4607	230350000
4608	230400000	4616	230800000
4617	230850000	4625	231250000
4626	231300000	4626	231300000
4627	231350000	4632	231600000
4633	231650000	4633	231650000
4634	231700000	4652	232600000
4653	232650000	4661	233050000
4662	233100000	4666	233300000
4667	233350000	4671	233550000
4672	233600000	4682	234100000
4683	234150000	4687	234350000
4688	234400000	4689	234450000
4690	234500000	4702	235100000
4703	235150000	4710	235500000
4711	235550000	4718	235900000
4719	235950000	4722	236100000
4723	236150000	4731	236550000
4732	236600000	4756	237800000
4757	237850000	4765	238250000
4766	238300000	4799	239950000
4800	240000000	4805	240250000
4806	240300000	4814	240700000
4815	240750000	4830	241500000
4831	241550000	4840	242000000
4841	242050000	4849	242450000
4850	242500000	4861	243050000
4862	243100000	4867	243350000
4868	243400000	4877	243850000
4878	243900000	4886	244300000
4887	244350000	4889	244450000
4890	244500000	4897	244850000
4898	244900000	4901	245050000
4902	245100000	4902	245100000
4903	245150000	4920	246000000
4921	246050000	4930	246500000
4931	246550000	4947	247350000
4948	247400000	4952	247600000
4953	247650000	4963	248150000
4964	248200000	4971	248550000
4972	248600000	4978	248900000
