11	550000	15	750000
16	800000	20	1000000
21	1050000	25	1250000
26	1300000	31	1550000
32	1600000	33	1650000
34	1700000	41	2050000
42	2100000	46	2300000
47	2350000	55	2750000
56	2800000	61	3050000
62	3100000	70	3500000
71	3550000	73	3650000
74	3700000	77	3850000
78	3900000	83	4150000
84	4200000	89	4450000
90	4500000	93	4650000
94	4700000	99	4950000
100	5000000	110	5500000
111	5550000	111	5550000
112	5600000	129	6450000
130	6500000	133	6650000
134	6700000	140	7000000
141	7050000	142	7100000
143	7150000	145	7250000
146	7300000	154	7700000
155	7750000	162	8100000
163	8150000	167	8350000
168	8400000	176	8800000
177	8850000	180	9000000
181	9050000	191	9550000
192	9600000	198	9900000
199	9950000	206	10300000
207	10350000	213	10650000
214	10700000	217	10850000
218	10900000	239	11950000
240	12000000	244	12200000
245	12250000	255	12750000
256	12800000	261	13050000
262	13100000	271	13550000
272	13600000	280	14000000
281	14050000	285	14250000
286	14300000	300	15000000
301	15050000	304	15200000
305	15250000	311	15550000
312	15600000	316	15800000
317	15850000	320	16000000
321	16050000	333	16650000
334	16700000	336	16800000
337	16850000	337	16850000
338	16900000	346	17300000
347	17350000	353	17650000
354	17700000	362	18100000
363	18150000	366	18300000
388	19400000	388	19400000
389	19450000	397	19850000
398	19900000	399	19950000
400	20000000	407	20350000
412	20600000	420	21000000
421	21050000	428	21400000
548	27400000	553	27650000
554	27700000	557	27850000
558	27900000	566	28300000
567	28350000	574	28700000
575	28750000	579	28950000
580	29000000	583	29150000
584	29200000	592	29600000
593	29650000	596	29800000
597	29850000	602	30100000
603	30150000	607	30350000
608	30400000	617	30850000
618	30900000	627	31350000
628	31400000	630	31500000
631	31550000	631	31550000
632	31600000	638	31900000
639	31950000	643	32150000
644	32200000	649	32450000
650	32500000	652	32600000
653	32650000	657	32850000
658	32900000	666	33300000
667	33350000	675	33750000
676	33800000	683	34150000
684	34200000	688	34400000
689	34450000	699	34950000
700	35000000	703	35150000
704	35200000	704	35200000
705	35250000	712	35600000
713	35650000	717	35850000
718	35900000	718	35900000
736	36800000	752	37600000
772	38600000	777	38850000
778	38900000	785	39250000
786	39300000	790	39500000
791	39550000	799	39950000
800	40000000	806	40300000
807	40350000	812	40600000
813	40650000	817	40850000
818	40900000	831	41550000
832	41600000	834	41700000
835	41750000	838	41900000
839	41950000	844	42200000
845	42250000	851	42550000
852	42600000	860	43000000
861	43050000	867	43350000
868	43400000	870	43500000
871	43550000	872	43600000
873	43650000	877	43850000
878	43900000	885	44250000
886	44300000	897	44850000
898	44900000	903	45150000
904	45200000	907	45350000
908	45400000	909	45450000
910	45500000	912	45600000
913	45650000	919	45950000
941	47050000	946	47300000
947	47350000	953	47650000
954	47700000	960	48000000
961	48050000	965	48250000
966	48300000	972	48600000
973	48650000	973	48650000
974	48700000	981	49050000
982	49100000	988	49400000
989	49450000	991	49550000
992	49600000	993	49650000
994	49700000	997	49850000
998	49900000	1001	50050000
1002	50100000	1003	50150000
1004	50200000	1007	50350000
1008	50400000	1015	50750000
1016	50800000	1024	51200000
1025	51250000	1026	51300000
1027	51350000	1034	51700000
1035	51750000	1043	52150000
1044	52200000	1049	52450000
1089	54450000	1097	54850000
1098	54900000	1099	54950000
1100	55000000	1108	55400000
1109	55450000	1110	55500000
1111	55550000	1117	55850000
1118	55900000	1129	56450000
1130	56500000	1136	56800000
1137	56850000	1140	57000000
1141	57050000	1142	57100000
1143	57150000	1156	57800000
1157	57850000	1157	57850000
1158	57900000	1159	57950000
1160	58000000	1165	58250000
1166	58300000	1169	58450000
1170	58500000	1170	58500000
1171	58550000	1173	58650000
1174	58700000	1181	59050000
1182	59100000	1187	59350000
1188	59400000	1196	59800000
1197	59850000	1202	60100000
1203	60150000	1210	60500000
1211	60550000	1214	60700000
1215	60750000	1219	60950000
1220	61000000	1228	61400000
1229	61450000	1232	61600000
1233	61650000	1238	61900000
1239	61950000	1243	62150000
1244	62200000	1248	62400000
1249	62450000	1252	62600000
1253	62650000	1261	63050000
1262	63100000	1268	63400000
1269	63450000	1274	63700000
1275	63750000	1277	63850000
1278	63900000	1283	64150000
1284	64200000	1287	64350000
1288	64400000	1296	64800000
1297	64850000	1299	64950000
1300	65000000	1304	65200000
1305	65250000	1305	65250000
1306	65300000	1321	66050000
1322	66100000	1324	66200000
1325	66250000	1334	66700000
1335	66750000	1342	67100000
1343	67150000	1347	67350000
1348	67400000	1355	67750000
1356	67800000	1360	68000000
1361	68050000	1366	68300000
1367	68350000	1370	68500000
1371	68550000	1375	68750000
1376	68800000	1385	69250000
1386	69300000	1391	69550000
1392	69600000	1403	70150000
1404	70200000	1412	70600000
1413	70650000	1413	70650000
1414	70700000	1428	71400000
1429	71450000	1435	71750000
1436	71800000	1451	72550000
1452	72600000	1454	72700000
1455	72750000	1464	73200000
1465	73250000	1468	73400000
1469	73450000	1480	74000000
1481	74050000	1486	74300000
1487	74350000	1491	74550000
1492	74600000	1498	74900000
1499	74950000	1505	75250000
1506	75300000	1509	75450000
1510	75500000	1514	75700000
1515	75750000	1516	75800000
1517	75850000	1525	76250000
1526	76300000	1530	76500000
1531	76550000	1535	76750000
1536	76800000	1542	77100000
1543	77150000	1544	77200000
1545	77250000	1546	77300000
1547	77350000	1550	77500000
1551	77550000	1551	77550000
1552	77600000	1560	78000000
1561	78050000	1563	78150000
1564	78200000	1564	78200000
1565	78250000	1569	78450000
1570	78500000	1577	78850000
1578	78900000	1581	79050000
1582	79100000	1594	79700000
1595	79750000	1601	80050000
1602	80100000	1608	80400000
1609	80450000	1620	81000000
1621	81050000	1624	81200000
1625	81250000	1631	81550000
1632	81600000	1644	82200000
1645	82250000	1652	82600000
1653	82650000	1655	82750000
1656	82800000	1663	83150000
