2	100000	17	850000
18	900000	20	1000000
21	1050000	22	1100000
23	1150000	27	1350000
28	1400000	35	1750000
36	1800000	58	2900000
59	2950000	61	3050000
62	3100000	64	3200000
65	3250000	75	3750000
76	3800000	78	3900000
79	3950000	94	4700000
95	4750000	96	4800000
97	4850000	108	5400000
109	5450000	110	5500000
111	5550000	113	5650000
114	5700000	117	5850000
118	5900000	121	6050000
122	6100000	127	6350000
128	6400000	128	6400000
129	6450000	134	6700000
135	6750000	136	6800000
137	6850000	144	7200000
145	7250000	147	7350000
148	7400000	149	7450000
150	7500000	150	7500000
151	7550000	155	7750000
156	7800000	160	8000000
161	8050000	169	8450000
170	8500000	186	9300000
187	9350000	187	9350000
188	9400000	221	11050000
222	11100000	224	11200000
225	11250000	227	11350000
228	11400000	230	11500000
231	11550000	235	11750000
236	11800000	240	12000000
241	12050000	242	12100000
243	12150000	245	12250000
246	12300000	254	12700000
255	12750000	262	13100000
263	13150000	263	13150000
264	13200000	267	13350000
268	13400000	268	13400000
269	13450000	272	13600000
273	13650000	274	13700000
275	13750000	275	13750000
276	13800000	283	14150000
284	14200000	290	14500000
291	14550000	291	14550000
292	14600000	297	14850000
298	14900000	299	14950000
300	15000000	303	15150000
304	15200000	308	15400000
309	15450000	316	15800000
317	15850000	318	15900000
319	15950000	328	16400000
329	16450000	336	16800000
337	16850000	337	16850000
338	16900000	346	17300000
347	17350000	351	17550000
352	17600000	353	17650000
354	17700000	360	18000000
361	18050000	366	18300000
367	18350000	371	18550000
372	18600000	374	18700000
375	18750000	396	19800000
397	19850000	397	19850000
398	19900000	405	20250000
406	20300000	417	20850000
418	20900000	418	20900000
419	20950000	430	21500000
431	21550000	432	21600000
433	21650000	437	21850000
438	21900000	440	22000000
441	22050000	444	22200000
445	22250000	452	22600000
453	22650000	458	22900000
459	22950000	463	23150000
464	23200000	466	23300000
467	23350000	471	23550000
472	23600000	483	24150000
484	24200000	491	24550000
492	24600000	492	24600000
493	24650000	495	24750000
496	24800000	502	25100000
503	25150000	516	25800000
517	25850000	525	26250000
526	26300000	528	26400000
529	26450000	530	26500000
531	26550000	534	26700000
535	26750000	536	26800000
537	26850000	538	26900000
539	26950000	546	27300000
547	27350000	550	27500000
551	27550000	555	27750000
556	27800000	565	28250000
566	28300000	567	28350000
568	28400000	571	28550000
572	28600000	573	28650000
574	28700000	583	29150000
584	29200000	599	29950000
600	30000000	606	30300000
607	30350000	609	30450000
610	30500000	610	30500000
611	30550000	614	30700000
615	30750000	627	31350000
628	31400000	629	31450000
630	31500000	636	31800000
637	31850000	638	31900000
639	31950000	646	32300000
647	32350000	648	32400000
649	32450000	659	32950000
660	33000000	666	33300000
667	33350000	685	34250000
686	34300000	693	34650000
694	34700000	700	35000000
701	35050000	703	35150000
704	35200000	706	35300000
707	35350000	708	35400000
709	35450000	712	35600000
713	35650000	736	36800000
737	36850000	754	37700000
755	37750000	761	38050000
762	38100000	764	38200000
765	38250000	769	38450000
770	38500000	772	38600000
773	38650000	776	38800000
777	38850000	779	38950000
780	39000000	786	39300000
842	42100000	845	42250000
846	42300000	847	42350000
848	42400000	856	42800000
857	42850000	862	43100000
863	43150000	868	43400000
869	43450000	871	43550000
872	43600000	872	43600000
873	43650000	875	43750000
876	43800000	885	44250000
886	44300000	889	44450000
890	44500000	898	44900000
899	44950000	900	45000000
901	45050000	903	45150000
904	45200000	906	45300000
907	45350000	909	45450000
910	45500000	913	45650000
914	45700000	921	46050000
922	46100000	930	46500000
931	46550000	932	46600000
933	46650000	933	46650000
934	46700000	935	46750000
936	46800000	936	46800000
937	46850000	940	47000000
941	47050000	947	47350000
948	47400000	954	47700000
955	47750000	956	47800000
958	47900000	959	47950000
960	48000000	961	48050000
962	48100000	963	48150000
964	48200000	965	48250000
966	48300000	966	48300000
967	48350000	971	48550000
972	48600000	972	48600000
973	48650000	974	48700000
975	48750000	979	48950000
980	49000000	991	49550000
992	49600000	996	49800000
997	49850000	1001	50050000
1002	50100000	1006	50300000
1007	50350000	1009	50450000
1010	50500000	1013	50650000
1014	50700000	1019	50950000
1020	51000000	1030	51500000
1031	51550000	1040	52000000
1041	52050000	1045	52250000
1046	52300000	1051	52550000
1052	52600000	1052	52600000
1053	52650000	1056	52800000
1057	52850000	1060	53000000
1061	53050000	1065	53250000
1066	53300000	1079	53950000
1080	54000000	1099	54950000
1100	55000000	1116	55800000
1117	55850000	1134	56700000
1135	56750000	1146	57300000
1147	57350000	1154	57700000
1155	57750000	1162	58100000
1163	58150000	1165	58250000
1166	58300000	1167	58350000
1168	58400000	1168	58400000
1169	58450000	1179	58950000
1180	59000000	1182	59100000
1183	59150000	1185	59250000
1186	59300000	1192	59600000
1193	59650000	1197	59850000
1198	59900000	1202	60100000
1203	60150000	1207	60350000
1208	60400000	1208	60400000
1209	60450000	1212	60600000
1213	60650000	1216	60800000
1217	60850000	1236	61800000
1237	61850000	1239	61950000
1240	62000000	1240	62000000
1241	62050000	1245	62250000
1246	62300000	1248	62400000
1249	62450000	1252	62600000
1253	62650000	1255	62750000
1256	62800000	1257	62850000
1258	62900000	1263	63150000
1264	63200000	1265	63250000
1266	63300000	1266	63300000
1267	63350000	1275	63750000
1276	63800000	1280	64000000
1281	64050000	1317	65850000
1318	65900000	1324	66200000
1325	66250000	1339	66950000
1340	67000000	1340	67000000
1341	67050000	1355	67750000
1356	67800000	1358	67900000
1359	67950000	1367	68350000
1368	68400000	1369	68450000
1370	68500000	1378	68900000
1379	68950000	1381	69050000
1382	69100000	1384	69200000
1385	69250000	1388	69400000
1389	69450000	1391	69550000
1392	69600000	1400	70000000
1401	70050000	1404	70200000
1405	70250000	1408	70400000
1409	70450000	1410	70500000
1411	70550000	1411	70550000
1412	70600000	1416	70800000
1417	70850000	1418	70900000
1419	70950000	1425	71250000
1426	71300000	1426	71300000
1427	71350000	1433	71650000
1434	71700000	1438	71900000
1439	71950000	1442	72100000
1443	72150000	1447	72350000
1448	72400000	1457	72850000
1458	72900000	1461	73050000
1462	73100000	1464	73200000
1465	73250000	1471	73550000
1472	73600000	1475	73750000
1476	73800000	1476	73800000
1477	73850000	1482	74100000
1483	74150000	1484	74200000
1485	74250000	1486	74300000
1487	74350000	1497	74850000
1498	74900000	1499	74950000
1500	75000000	1504	75200000
1505	75250000	1507	75350000
1508	75400000	1509	75450000
1510	75500000	1513	75650000
1514	75700000	1541	77050000
1542	77100000	1543	77150000
1544	77200000	1551	77550000
1552	77600000	1556	77800000
1557	77850000	1561	78050000
1562	78100000	1579	78950000
1580	79000000	1582	79100000
1583	79150000	1585	79250000
1586	79300000	1587	79350000
1588	79400000	1590	79500000
1591	79550000	1594	79700000
1595	79750000	1596	79800000
1597	79850000	1602	80100000
1603	80150000	1604	80200000
1605	80250000	1609	80450000
1610	80500000	1613	80650000
1614	80700000	1621	81050000
1622	81100000	1624	81200000
1625	81250000	1658	82900000
1659	82950000	1671	83550000
1672	83600000	1678	83900000
1679	83950000	1683	84150000
1684	84200000	1687	84350000
1688	84400000	1691	84550000
1692	84600000	1710	85500000
1711	85550000	1728	86400000
1729	86450000	1729	86450000
1730	86500000	1733	86650000
1734	86700000	1736	86800000
1737	86850000	1739	86950000
1740	87000000	1745	87250000
1746	87300000	1748	87400000
1749	87450000	1750	87500000
1751	87550000	1756	87800000
1757	87850000	1758	87900000
1759	87950000	1769	88450000
1770	88500000	1772	88600000
1773	88650000	1777	88850000
1778	88900000	1780	89000000
1781	89050000	1783	89150000
1784	89200000	1785	89250000
1786	89300000	1788	89400000
1789	89450000	1792	89600000
1793	89650000	1795	89750000
1796	89800000	1801	90050000
1802	90100000	1802	90100000
1803	90150000	1813	90650000
1814	90700000	1814	90700000
1815	90750000	1818	90900000
1819	90950000	1824	91200000
1825	91250000	1826	91300000
1827	91350000	1835	91750000
1836	91800000	1840	92000000
1841	92050000	1843	92150000
1844	92200000	1849	92450000
1850	92500000	1851	92550000
1852	92600000	1852	92600000
1853	92650000	1857	92850000
1858	92900000	1863	93150000
1864	93200000	1867	93350000
1868	93400000	1870	93500000
1871	93550000	1878	93900000
1879	93950000	1886	94300000
1887	94350000	1892	94600000
1893	94650000	1893	94650000
1894	94700000	1902	95100000
1903	95150000	1906	95300000
1907	95350000	1908	95400000
1909	95450000	1912	95600000
1913	95650000	1913	95650000
1914	95700000	1916	95800000
1917	95850000	1918	95900000
1919	95950000	1920	96000000
1921	96050000	1925	96250000
1926	96300000	1927	96350000
1928	96400000	1931	96550000
1932	96600000	1934	96700000
1935	96750000	1941	97050000
1942	97100000	1945	97250000
1946	97300000	1955	97750000
1956	97800000	1962	98100000
1963	98150000	1969	98450000
1970	98500000	1974	98700000
1975	98750000	1985	99250000
1986	99300000	1988	99400000
1989	99450000	1993	99650000
1994	99700000	1995	99750000
1996	99800000	2000	100000000
2001	100050000	2007	100350000
2008	100400000	2011	100550000
2012	100600000	2018	100900000
2019	100950000	2020	101000000
2021	101050000	2028	101400000
2029	101450000	2032	101600000
2033	101650000	2036	101800000
2037	101850000	2039	101950000
2040	102000000	2042	102100000
2043	102150000	2046	102300000
2047	102350000	2049	102450000
2050	102500000	2051	102550000
2052	102600000	2054	102700000
2055	102750000	2060	103000000
2061	103050000	2063	103150000
2064	103200000	2069	103450000
2070	103500000	2074	103700000
2075	103750000	2077	103850000
2078	103900000	2085	104250000
2086	104300000	2086	104300000
2087	104350000	2092	104600000
2093	104650000	2115	105750000
2116	105800000	2124	106200000
2125	106250000	2132	106600000
2133	106650000	2138	106900000
2139	106950000	2148	107400000
2149	107450000	2157	107850000
2158	107900000	2165	108250000
2166	108300000	2197	109850000
2198	109900000	2202	110100000
2203	110150000	2206	110300000
2207	110350000	2208	110400000
2209	110450000	2209	110450000
2210	110500000	2212	110600000
2213	110650000	2213	110650000
2214	110700000	2216	110800000
2217	110850000	2217	110850000
2218	110900000	2221	111050000
2222	111100000	2242	112100000
2243	112150000	2248	112400000
2249	112450000	2256	112800000
2257	112850000	2273	113650000
2274	113700000	2278	113900000
2279	113950000	2281	114050000
2282	114100000	2287	114350000
2288	114400000	2288	114400000
2289	114450000	2290	114500000
2291	114550000	2293	114650000
2294	114700000	2298	114900000
2299	114950000	2303	115150000
2304	115200000	2316	115800000
2317	115850000	2326	116300000
2327	116350000	2335	116750000
2336	116800000	2344	117200000
2345	117250000	2348	117400000
2349	117450000	2352	117600000
2353	117650000	2356	117800000
2357	117850000	2365	118250000
2366	118300000	2371	118550000
2372	118600000	2377	118850000
2378	118900000	2381	119050000
2382	119100000	2384	119200000
2385	119250000	2390	119500000
2391	119550000	2393	119650000
2394	119700000	2398	119900000
2399	119950000	2399	119950000
2400	120000000	2408	120400000
2409	120450000	2416	120800000
2417	120850000	2418	120900000
2419	120950000	2434	121700000
2435	121750000	2437	121850000
2438	121900000	2442	122100000
2443	122150000	2448	122400000
2449	122450000	2458	122900000
2459	122950000	2462	123100000
2463	123150000	2467	123350000
2468	123400000	2470	123500000
2471	123550000	2472	123600000
2473	123650000	2476	123800000
2477	123850000	2480	124000000
2481	124050000	2487	124350000
2488	124400000	2490	124500000
2491	124550000	2494	124700000
2495	124750000	2500	125000000
2501	125050000	2514	125700000
2515	125750000	2516	125800000
2517	125850000	2521	126050000
2522	126100000	2531	126550000
2532	126600000	2553	127650000
2554	127700000	2561	128050000
2562	128100000	2562	128100000
2563	128150000	2564	128200000
2565	128250000	2579	128950000
2580	129000000	2588	129400000
2589	129450000	2596	129800000
2597	129850000	2604	130200000
2605	130250000	2605	130250000
2606	130300000	2625	131250000
2626	131300000	2628	131400000
2629	131450000	2637	131850000
2638	131900000	2639	131950000
2640	132000000	2646	132300000
2647	132350000	2650	132500000
2651	132550000	2652	132600000
2653	132650000	2656	132800000
2657	132850000	2665	133250000
2666	133300000	2667	133350000
2668	133400000	2673	133650000
2674	133700000	2675	133750000
