1	50000	13	650000
14	700000	22	1100000
23	1150000	33	1650000
34	1700000	38	1900000
39	1950000	63	3150000
64	3200000	72	3600000
73	3650000	74	3700000
75	3750000	78	3900000
79	3950000	105	5250000
106	5300000	122	6100000
123	6150000	131	6550000
132	6600000	136	6800000
137	6850000	139	6950000
140	7000000	142	7100000
143	7150000	148	7400000
149	7450000	157	7850000
158	7900000	173	8650000
174	8700000	175	8750000
176	8800000	177	8850000
178	8900000	183	9150000
184	9200000	188	9400000
189	9450000	196	9800000
197	9850000	201	10050000
202	10100000	203	10150000
204	10200000	209	10450000
210	10500000	214	10700000
215	10750000	216	10800000
217	10850000	223	11150000
224	11200000	228	11400000
229	11450000	230	11500000
231	11550000	231	11550000
232	11600000	235	11750000
236	11800000	238	11900000
239	11950000	255	12750000
256	12800000	260	13000000
261	13050000	261	13050000
262	13100000	266	13300000
267	13350000	267	13350000
268	13400000	278	13900000
279	13950000	299	14950000
300	15000000	304	15200000
305	15250000	312	15600000
313	15650000	329	16450000
330	16500000	333	16650000
334	16700000	334	16700000
335	16750000	337	16850000
338	16900000	347	17350000
348	17400000	354	17700000
355	17750000	357	17850000
358	17900000	364	18200000
365	18250000	369	18450000
370	18500000	374	18700000
375	18750000	389	19450000
390	19500000	398	19900000
399	19950000	401	20050000
402	20100000	403	20150000
404	20200000	407	20350000
408	20400000	410	20500000
411	20550000	411	20550000
412	20600000	413	20650000
414	20700000	420	21000000
421	21050000	428	21400000
429	21450000	448	22400000
449	22450000	466	23300000
467	23350000	472	23600000
473	23650000	476	23800000
477	23850000	482	24100000
483	24150000	487	24350000
488	24400000	488	24400000
489	24450000	497	24850000
498	24900000	499	24950000
500	25000000	503	25150000
504	25200000	504	25200000
505	25250000	509	25450000
510	25500000	512	25600000
513	25650000	521	26050000
522	26100000	522	26100000
523	26150000	526	26300000
527	26350000	534	26700000
535	26750000	538	26900000
539	26950000	540	27000000
541	27050000	541	27050000
542	27100000	546	27300000
547	27350000	548	27400000
549	27450000	554	27700000
555	27750000	570	28500000
571	28550000	571	28550000
572	28600000	574	28700000
575	28750000	576	28800000
577	28850000	579	28950000
580	29000000	583	29150000
584	29200000	585	29250000
586	29300000	594	29700000
595	29750000	598	29900000
599	29950000	602	30100000
603	30150000	605	30250000
606	30300000	610	30500000
611	30550000	613	30650000
614	30700000	615	30750000
616	30800000	624	31200000
625	31250000	626	31300000
627	31350000	637	31850000
638	31900000	639	31950000
640	32000000	648	32400000
649	32450000	649	32450000
650	32500000	655	32750000
656	32800000	659	32950000
660	33000000	668	33400000
669	33450000	670	33500000
671	33550000	672	33600000
673	33650000	679	33950000
680	34000000	685	34250000
686	34300000	709	35450000
710	35500000	717	35850000
718	35900000	726	36300000
727	36350000	728	36400000
729	36450000	735	36750000
736	36800000	747	37350000
748	37400000	749	37450000
750	37500000	752	37600000
753	37650000	755	37750000
756	37800000	758	37900000
759	37950000	762	38100000
763	38150000	766	38300000
767	38350000	768	38400000
769	38450000	771	38550000
772	38600000	773	38650000
774	38700000	775	38750000
776	38800000	781	39050000
782	39100000	785	39250000
786	39300000	786	39300000
787	39350000	795	39750000
796	39800000	796	39800000
797	39850000	803	40150000
804	40200000	827	41350000
828	41400000	836	41800000
837	41850000	837	41850000
838	41900000	842	42100000
843	42150000	843	42150000
844	42200000	847	42350000
848	42400000	852	42600000
853	42650000	856	42800000
857	42850000	864	43200000
865	43250000	867	43350000
868	43400000	868	43400000
869	43450000	872	43600000
873	43650000	878	43900000
879	43950000	880	44000000
881	44050000	884	44200000
885	44250000	886	44300000
887	44350000	889	44450000
890	44500000	898	44900000
899	44950000	900	45000000
901	45050000	910	45500000
911	45550000	914	45700000
915	45750000	919	45950000
920	46000000	920	46000000
921	46050000	925	46250000
926	46300000	929	46450000
930	46500000	931	46550000
932	46600000	935	46750000
936	46800000	938	46900000
939	46950000	939	46950000
940	47000000	947	47350000
948	47400000	948	47400000
949	47450000	956	47800000
957	47850000	957	47850000
958	47900000	962	48100000
963	48150000	969	48450000
970	48500000	973	48650000
974	48700000	980	49000000
981	49050000	995	49750000
996	49800000	1004	50200000
1005	50250000	1010	50500000
1011	50550000	1042	52100000
1043	52150000	1075	53750000
1076	53800000	1082	54100000
1083	54150000	1090	54500000
1091	54550000	1093	54650000
1094	54700000	1102	55100000
1103	55150000	1105	55250000
1106	55300000	1108	55400000
1109	55450000	1113	55650000
1114	55700000	1116	55800000
1117	55850000	1123	56150000
1124	56200000	1135	56750000
1136	56800000	1151	57550000
1152	57600000	1152	57600000
1153	57650000	1157	57850000
1158	57900000	1159	57950000
1160	58000000	1165	58250000
1166	58300000	1186	59300000
1187	59350000	1206	60300000
1207	60350000	1210	60500000
1211	60550000	1212	60600000
1213	60650000	1217	60850000
1218	60900000	1219	60950000
1220	61000000	1222	61100000
1223	61150000	1223	61150000
1224	61200000	1230	61500000
1231	61550000	1238	61900000
1239	61950000	1241	62050000
1242	62100000	1242	62100000
1243	62150000	1245	62250000
1246	62300000	1247	62350000
1248	62400000	1249	62450000
1250	62500000	1256	62800000
1257	62850000	1261	63050000
1262	63100000	1270	63500000
1271	63550000	1273	63650000
1274	63700000	1278	63900000
1279	63950000	1281	64050000
1282	64100000	1287	64350000
1288	64400000	1290	64500000
1291	64550000	1294	64700000
1295	64750000	1296	64800000
1297	64850000	1298	64900000
1299	64950000	1301	65050000
1302	65100000	1302	65100000
1303	65150000	1305	65250000
1306	65300000	1308	65400000
1309	65450000	1310	65500000
1311	65550000	1312	65600000
1313	65650000	1328	66400000
1329	66450000	1361	68050000
1362	68100000	1364	68200000
1365	68250000	1368	68400000
1369	68450000	1369	68450000
1370	68500000	1374	68700000
1375	68750000	1379	68950000
1380	69000000	1386	69300000
1387	69350000	1387	69350000
1388	69400000	1391	69550000
1392	69600000	1395	69750000
1396	69800000	1400	70000000
1401	70050000	1402	70100000
1403	70150000	1406	70300000
1407	70350000	1413	70650000
1414	70700000	1419	70950000
1420	71000000	1421	71050000
1422	71100000	1428	71400000
1429	71450000	1431	71550000
1432	71600000	1439	71950000
1440	72000000	1455	72750000
1456	72800000	1456	72800000
1457	72850000	1459	72950000
1460	73000000	1460	73000000
1461	73050000	1464	73200000
1465	73250000	1465	73250000
1466	73300000	1473	73650000
1474	73700000	1475	73750000
1476	73800000	1477	73850000
1478	73900000	1480	74000000
1481	74050000	1486	74300000
1487	74350000	1490	74500000
1491	74550000	1492	74600000
1493	74650000	1496	74800000
1497	74850000	1498	74900000
1499	74950000	1501	75050000
1502	75100000	1510	75500000
1511	75550000	1513	75650000
1514	75700000	1514	75700000
1515	75750000	1523	76150000
1524	76200000	1528	76400000
1529	76450000	1533	76650000
1534	76700000	1539	76950000
1540	77000000	1573	78650000
1574	78700000	1580	79000000
1581	79050000	1586	79300000
1587	79350000	1598	79900000
1599	79950000	1606	80300000
1607	80350000	1611	80550000
1612	80600000	1635	81750000
1636	81800000	1680	84000000
1681	84050000	1687	84350000
1688	84400000	1689	84450000
1690	84500000	1698	84900000
1699	84950000	1701	85050000
1702	85100000	1706	85300000
1707	85350000	1710	85500000
1711	85550000	1712	85600000
1713	85650000	1715	85750000
1716	85800000	1719	85950000
1720	86000000	1723	86150000
1724	86200000	1725	86250000
1726	86300000	1729	86450000
1730	86500000	1735	86750000
1736	86800000	1740	87000000
1741	87050000	1741	87050000
1742	87100000	1746	87300000
1747	87350000	1753	87650000
1754	87700000	1754	87700000
1755	87750000	1757	87850000
1758	87900000	1761	88050000
1762	88100000	1766	88300000
1767	88350000	1771	88550000
1772	88600000	1774	88700000
1775	88750000	1777	88850000
1778	88900000	1779	88950000
1780	89000000	1782	89100000
1783	89150000	1787	89350000
1791	89550000	1792	89600000
1793	89650000	1793	89650000
1794	89700000	1796	89800000
1797	89850000	1799	89950000
1800	90000000	1802	90100000
1836	91800000	1838	91900000
1839	91950000	1840	92000000
1847	92350000	1847	92350000
1856	92800000	1856	92800000
1869	93450000	1869	93450000
1884	94200000	1885	94250000
1886	94300000	1886	94300000
1891	94550000	1891	94550000
1893	94650000	1901	95050000
1902	95100000	1908	95400000
1909	95450000	1910	95500000
1911	95550000	1911	95550000
1912	95600000	1913	95650000
1914	95700000	1916	95800000
1917	95850000	1920	96000000
1921	96050000	1923	96150000
1924	96200000	1927	96350000
1928	96400000	1931	96550000
1932	96600000	1937	96850000
1938	96900000	1938	96900000
1939	96950000	1943	97150000
1944	97200000	1945	97250000
1946	97300000	1947	97350000
1948	97400000	1948	97400000
1949	97450000	1950	97500000
1951	97550000	1951	97550000
1952	97600000	1953	97650000
1954	97700000	1956	97800000
1957	97850000	1959	97950000
1960	98000000	1968	98400000
1969	98450000	1971	98550000
1972	98600000	1974	98700000
1975	98750000	1976	98800000
1977	98850000	1982	99100000
1983	99150000	1986	99300000
1987	99350000	1988	99400000
1989	99450000	1989	99450000
1990	99500000	1991	99550000
1992	99600000	2005	100250000
2006	100300000	2012	100600000
2013	100650000	2020	101000000
2021	101050000	2021	101050000
2022	101100000	2025	101250000
2026	101300000	2028	101400000
2029	101450000	2037	101850000
2038	101900000	2040	102000000
2041	102050000	2045	102250000
2046	102300000	2048	102400000
2049	102450000	2050	102500000
2051	102550000	2054	102700000
2055	102750000	2056	102800000
2057	102850000	2080	104000000
2081	104050000	2098	104900000
2099	104950000	2103	105150000
2104	105200000	2107	105350000
2108	105400000	2111	105550000
2112	105600000	2116	105800000
2117	105850000	2122	106100000
2123	106150000	2123	106150000
2124	106200000	2129	106450000
2130	106500000	2133	106650000
2134	106700000	2156	107800000
2157	107850000	2158	107900000
2159	107950000	2159	107950000
2160	108000000	2165	108250000
2166	108300000	2167	108350000
2168	108400000	2172	108600000
2173	108650000	2177	108850000
2178	108900000	2182	109100000
2183	109150000	2191	109550000
2192	109600000	2194	109700000
2195	109750000	2196	109800000
2199	109950000	2200	110000000
2202	110100000	2204	110200000
2205	110250000	2208	110400000
2209	110450000	2209	110450000
2212	110600000	2213	110650000
2214	110700000	2214	110700000
2215	110750000	2218	110900000
2219	110950000	2224	111200000
2225	111250000	2229	111450000
2230	111500000	2235	111750000
2236	111800000	2237	111850000
2238	111900000	2239	111950000
2240	112000000	2241	112050000
2242	112100000	2247	112350000
2248	112400000	2249	112450000
2250	112500000	2252	112600000
2253	112650000	2255	112750000
2256	112800000	2256	112800000
2257	112850000	2259	112950000
2260	113000000	2261	113050000
2262	113100000	2267	113350000
2268	113400000	2269	113450000
2270	113500000	2273	113650000
2274	113700000	2277	113850000
2278	113900000	2280	114000000
2281	114050000	2292	114600000
2293	114650000	2318	115900000
2319	115950000	2349	117450000
2350	117500000	2356	117800000
2357	117850000	2360	118000000
2361	118050000	2362	118100000
2363	118150000	2367	118350000
2368	118400000	2376	118800000
2377	118850000	2379	118950000
2380	119000000	2387	119350000
2388	119400000	2388	119400000
2389	119450000	2393	119650000
2394	119700000	2396	119800000
2397	119850000	2405	120250000
2406	120300000	2407	120350000
2408	120400000	2415	120750000
2416	120800000	2422	121100000
2423	121150000	2427	121350000
2428	121400000	2430	121500000
2431	121550000	2435	121750000
2436	121800000	2436	121800000
2437	121850000	2445	122250000
2446	122300000	2456	122800000
2457	122850000	2476	123800000
2477	123850000	2496	124800000
2497	124850000	2501	125050000
2502	125100000	2511	125550000
2512	125600000	2530	126500000
2531	126550000	2536	126800000
2537	126850000	2541	127050000
2542	127100000	2546	127300000
2547	127350000	2550	127500000
2551	127550000	2554	127700000
2555	127750000	2557	127850000
2558	127900000	2565	128250000
2566	128300000	2573	128650000
2574	128700000	2589	129450000
2590	129500000	2598	129900000
2599	129950000	2602	130100000
2603	130150000	2605	130250000
2606	130300000	2608	130400000
2609	130450000	2609	130450000
2610	130500000	2611	130550000
2612	130600000	2614	130700000
2615	130750000	2617	130850000
2618	130900000	2622	131100000
2623	131150000	2624	131200000
2625	131250000	2626	131300000
2627	131350000	2631	131550000
2632	131600000	2633	131650000
2634	131700000	2637	131850000
2638	131900000	2638	131900000
2639	131950000	2653	132650000
2654	132700000	2664	133200000
2665	133250000	2670	133500000
2671	133550000	2677	133850000
2678	133900000	2682	134100000
2683	134150000	2685	134250000
2686	134300000	2686	134300000
2687	134350000	2689	134450000
2690	134500000	2698	134900000
2699	134950000	2702	135100000
2703	135150000	2709	135450000
2710	135500000	2715	135750000
2716	135800000	2718	135900000
2719	135950000	2722	136100000
2723	136150000	2728	136400000
2729	136450000	2737	136850000
2738	136900000	2748	137400000
2749	137450000	2757	137850000
2758	137900000	2760	138000000
2761	138050000	2770	138500000
2771	138550000	2777	138850000
2778	138900000	2809	140450000
2810	140500000	2818	140900000
2819	140950000	2844	142200000
2845	142250000	2853	142650000
2854	142700000	2859	142950000
2860	143000000	2860	143000000
2861	143050000	2863	143150000
2864	143200000	2866	143300000
2867	143350000	2883	144150000
2884	144200000	2887	144350000
2888	144400000	2901	145050000
2902	145100000	2916	145800000
2917	145850000	2925	146250000
2926	146300000	2933	146650000
2934	146700000	2938	146900000
2939	146950000	2943	147150000
2944	147200000	2946	147300000
2947	147350000	2954	147700000
2955	147750000	2957	147850000
2958	147900000	2959	147950000
2960	148000000	2963	148150000
2964	148200000	2971	148550000
2972	148600000	2974	148700000
2975	148750000	2980	149000000
2981	149050000	2988	149400000
2989	149450000	2990	149500000
2991	149550000	2992	149600000
2993	149650000	2996	149800000
2997	149850000	3025	151250000
3026	151300000	3029	151450000
3030	151500000	3031	151550000
3032	151600000	3033	151650000
3034	151700000	3041	152050000
3042	152100000	3043	152150000
3044	152200000	3045	152250000
3046	152300000	3053	152650000
3054	152700000	3055	152750000
3056	152800000	3062	153100000
3063	153150000	3071	153550000
3072	153600000	3086	154300000
3087	154350000	3091	154550000
3092	154600000	3103	155150000
3104	155200000	3107	155350000
3108	155400000	3108	155400000
3109	155450000	3117	155850000
3118	155900000	3126	156300000
3127	156350000	3132	156600000
3133	156650000	3142	157100000
3143	157150000	3146	157300000
3147	157350000	3149	157450000
3150	157500000	3150	157500000
3151	157550000	3161	158050000
3162	158100000	3171	158550000
3172	158600000	3177	158850000
3178	158900000	3178	158900000
3179	158950000	3183	159150000
3184	159200000	3184	159200000
3185	159250000	3193	159650000
3194	159700000	3196	159800000
3197	159850000	3198	159900000
3199	159950000	3203	160150000
3204	160200000	3206	160300000
3207	160350000	3221	161050000
3222	161100000	3223	161150000
3224	161200000	3229	161450000
3230	161500000	3231	161550000
3232	161600000	3239	161950000
3240	162000000	3241	162050000
3242	162100000	3245	162250000
3246	162300000	3248	162400000
3249	162450000	3257	162850000
3258	162900000	3263	163150000
3264	163200000	3280	164000000
3281	164050000	3286	164300000
3287	164350000	3294	164700000
3295	164750000	3300	165000000
3301	165050000	3305	165250000
3306	165300000	3309	165450000
3310	165500000	3318	165900000
3319	165950000	3319	165950000
3320	166000000	3330	166500000
3331	166550000	3336	166800000
3337	166850000	3363	168150000
3364	168200000	3365	168250000
3366	168300000	3368	168400000
3369	168450000	3370	168500000
3371	168550000	3375	168750000
3376	168800000	3379	168950000
3380	169000000	3384	169200000
3385	169250000	3390	169500000
3391	169550000	3394	169700000
3395	169750000	3400	170000000
3401	170050000	3408	170400000
3409	170450000	3417	170850000
3418	170900000	3419	170950000
3420	171000000	3422	171100000
3423	171150000	3424	171200000
3425	171250000	3428	171400000
3429	171450000	3430	171500000
3431	171550000	3431	171550000
3432	171600000	3437	171850000
3438	171900000	3441	172050000
3442	172100000	3443	172150000
3444	172200000	3450	172500000
3451	172550000	3458	172900000
3459	172950000	3460	173000000
3461	173050000	3463	173150000
3464	173200000	3466	173300000
3467	173350000	3468	173400000
3469	173450000	3477	173850000
3478	173900000	3479	173950000
3480	174000000	3480	174000000
3481	174050000	3484	174200000
3485	174250000	3486	174300000
3487	174350000	3488	174400000
3489	174450000	3490	174500000
3491	174550000	3492	174600000
3493	174650000	3494	174700000
3495	174750000	3501	175050000
3502	175100000	3503	175150000
3504	175200000	3506	175300000
3507	175350000	3515	175750000
3516	175800000	3519	175950000
3520	176000000	3522	176100000
3523	176150000	3527	176350000
3528	176400000	3532	176600000
3533	176650000	3535	176750000
3536	176800000	3540	177000000
3541	177050000	3543	177150000
3544	177200000	3546	177300000
3547	177350000	3555	177750000
3556	177800000	3563	178150000
3564	178200000	3569	178450000
3570	178500000	3575	178750000
3576	178800000	3582	179100000
3583	179150000	3583	179150000
3584	179200000	3589	179450000
3590	179500000	3596	179800000
3597	179850000	3601	180050000
3602	180100000	3607	180350000
3608	180400000	3619	180950000
3620	181000000	3620	181000000
3621	181050000	3622	181100000
3623	181150000	3630	181500000
3631	181550000	3632	181600000
3633	181650000	3635	181750000
3636	181800000	3642	182100000
3643	182150000	3643	182150000
3644	182200000	3651	182550000
3652	182600000	3655	182750000
3656	182800000	3658	182900000
3659	182950000	3665	183250000
3666	183300000	3674	183700000
3675	183750000	3683	184150000
3684	184200000	3689	184450000
3690	184500000	3705	185250000
3706	185300000	3718	185900000
3719	185950000	3730	186500000
3731	186550000	3731	186550000
3732	186600000	3734	186700000
3735	186750000	3738	186900000
3739	186950000	3750	187500000
3751	187550000	3758	187900000
3759	187950000	3768	188400000
3769	188450000	3771	188550000
3772	188600000	3781	189050000
3782	189100000	3788	189400000
3789	189450000	3789	189450000
3790	189500000	3793	189650000
3794	189700000	3799	189950000
3800	190000000	3801	190050000
3802	190100000	3807	190350000
3808	190400000	3809	190450000
3810	190500000	3817	190850000
3818	190900000	3820	191000000
3821	191050000	3822	191100000
3823	191150000	3829	191450000
3830	191500000	3831	191550000
3832	191600000	3833	191650000
3834	191700000	3839	191950000
3840	192000000	3844	192200000
3845	192250000	3889	194450000
3890	194500000	3897	194850000
3898	194900000	3906	195300000
3907	195350000	3912	195600000
3913	195650000	3915	195750000
3916	195800000	3921	196050000
3922	196100000	3924	196200000
3925	196250000	3925	196250000
3926	196300000	3927	196350000
3928	196400000	3928	196400000
3929	196450000	3931	196550000
3932	196600000	3939	196950000
3940	197000000	3943	197150000
3944	197200000	3945	197250000
3946	197300000	3948	197400000
3949	197450000	3953	197650000
3954	197700000	3955	197750000
3956	197800000	3956	197800000
3957	197850000	3963	198150000
3964	198200000	3966	198300000
3967	198350000	3973	198650000
3974	198700000	3983	199150000
3984	199200000	3991	199550000
3992	199600000	3999	199950000
4000	200000000	4003	200150000
4004	200200000	4005	200250000
4006	200300000	4010	200500000
4011	200550000	4011	200550000
4012	200600000	4016	200800000
4017	200850000	4017	200850000
4018	200900000	4019	200950000
4020	201000000	4020	201000000
4021	201050000	4024	201200000
4025	201250000	4026	201300000
4027	201350000	4036	201800000
4037	201850000	4044	202200000
4045	202250000	4051	202550000
4052	202600000	4058	202900000
4059	202950000	4065	203250000
4066	203300000	4069	203450000
4070	203500000	4075	203750000
4076	203800000	4086	204300000
4087	204350000	4095	204750000
4096	204800000	4114	205700000
4115	205750000	4115	205750000
4116	205800000	4119	205950000
4120	206000000	4121	206050000
4122	206100000	4123	206150000
4124	206200000	4127	206350000
4128	206400000	4132	206600000
4133	206650000	4133	206650000
4134	206700000	4136	206800000
4137	206850000	4141	207050000
4142	207100000	4150	207500000
4151	207550000	4153	207650000
4154	207700000	4156	207800000
4157	207850000	4162	208100000
4163	208150000	4166	208300000
4167	208350000	4168	208400000
4169	208450000	4186	209300000
4187	209350000	4192	209600000
4193	209650000	4199	209950000
4200	210000000	4203	210150000
4204	210200000	4205	210250000
4206	210300000	4209	210450000
4210	210500000	4212	210600000
4213	210650000	4221	211050000
4222	211100000	4234	211700000
4235	211750000	4243	212150000
4244	212200000	4252	212600000
4253	212650000	4253	212650000
4254	212700000	4261	213050000
4262	213100000	4262	213100000
4263	213150000	4264	213200000
4265	213250000	4265	213250000
4266	213300000	4275	213750000
4276	213800000	4285	214250000
4286	214300000	4304	215200000
4305	215250000	4309	215450000
4310	215500000	4319	215950000
4320	216000000	4323	216150000
4324	216200000	4326	216300000
4327	216350000	4330	216500000
4331	216550000	4334	216700000
4335	216750000	4349	217450000
4350	217500000	4355	217750000
4356	217800000	4361	218050000
4362	218100000	4367	218350000
4368	218400000	4369	218450000
4370	218500000	4376	218800000
4377	218850000	4378	218900000
4379	218950000	4382	219100000
4383	219150000	4384	219200000
4385	219250000	4385	219250000
4386	219300000	4390	219500000
4391	219550000	4392	219600000
4393	219650000	4395	219750000
4396	219800000	4413	220650000
4414	220700000	4432	221600000
4433	221650000	4440	222000000
4441	222050000	4446	222300000
4447	222350000	4452	222600000
4453	222650000	4455	222750000
4456	222800000	4459	222950000
4460	223000000	4474	223700000
4475	223750000	4479	223950000
4480	224000000	4485	224250000
4486	224300000	4487	224350000
4488	224400000	4491	224550000
4492	224600000	4492	224600000
4493	224650000	4496	224800000
4497	224850000	4499	224950000
4500	225000000	4502	225100000
4503	225150000	4514	225700000
4515	225750000	4536	226800000
4537	226850000	4540	227000000
4541	227050000	4544	227200000
4545	227250000	4547	227350000
4548	227400000	4552	227600000
4553	227650000	4554	227700000
4555	227750000	4556	227800000
4557	227850000	4558	227900000
4559	227950000	4572	228600000
4573	228650000	4577	228850000
4578	228900000	4586	229300000
4587	229350000	4595	229750000
4596	229800000	4597	229850000
4598	229900000	4599	229950000
4600	230000000	4604	230200000
4605	230250000	4610	230500000
4611	230550000	4611	230550000
4612	230600000	4614	230700000
4615	230750000	4616	230800000
4617	230850000	4618	230900000
4619	230950000	4619	230950000
4620	231000000	4621	231050000
4622	231100000	4627	231350000
4628	231400000	4631	231550000
4632	231600000	4633	231650000
4634	231700000	4636	231800000
4637	231850000	4640	232000000
4641	232050000	4647	232350000
4648	232400000	4648	232400000
4649	232450000	4651	232550000
4652	232600000	4657	232850000
4658	232900000	4661	233050000
4662	233100000	4664	233200000
4665	233250000	4667	233350000
4668	233400000	4675	233750000
4676	233800000	4679	233950000
4680	234000000	4688	234400000
4689	234450000	4689	234450000
4690	234500000	4691	234550000
4692	234600000	4703	235150000
4704	235200000	4715	235750000
4716	235800000	4724	236200000
4725	236250000	4729	236450000
4730	236500000	4731	236550000
4732	236600000	4732	236600000
4733	236650000	4742	237100000
4743	237150000	4750	237500000
4751	237550000	4751	237550000
4752	237600000	4754	237700000
4755	237750000	4756	237800000
4757	237850000	4766	238300000
4767	238350000	4770	238500000
4771	238550000	4779	238950000
4780	239000000	4785	239250000
4786	239300000	4787	239350000
4788	239400000	4789	239450000
4790	239500000	4798	239900000
4799	239950000	4802	240100000
4803	240150000	4806	240300000
4807	240350000	4810	240500000
4811	240550000	4812	240600000
4813	240650000	4817	240850000
4818	240900000	4822	241100000
4823	241150000	4826	241300000
4827	241350000	4834	241700000
4835	241750000	4838	241900000
4839	241950000	4843	242150000
