1	50000	6	300000
7	350000	8	400000
9	450000	11	550000
12	600000	19	950000
20	1000000	45	2250000
46	2300000	52	2600000
53	2650000	59	2950000
60	3000000	64	3200000
65	3250000	80	4000000
81	4050000	86	4300000
87	4350000	88	4400000
89	4450000	94	4700000
95	4750000	99	4950000
100	5000000	100	5000000
101	5050000	103	5150000
104	5200000	106	5300000
107	5350000	116	5800000
117	5850000	136	6800000
137	6850000	162	8100000
163	8150000	169	8450000
170	8500000	173	8650000
174	8700000	179	8950000
180	9000000	187	9350000
188	9400000	190	9500000
191	9550000	195	9750000
196	9800000	204	10200000
205	10250000	207	10350000
208	10400000	216	10800000
217	10850000	226	11300000
227	11350000	227	11350000
228	11400000	232	11600000
233	11650000	236	11800000
237	11850000	237	11850000
238	11900000	242	12100000
243	12150000	250	12500000
251	12550000	252	12600000
253	12650000	261	13050000
262	13100000	270	13500000
271	13550000	271	13550000
272	13600000	278	13900000
279	13950000	282	14100000
283	14150000	284	14200000
285	14250000	289	14450000
290	14500000	291	14550000
292	14600000	294	14700000
295	14750000	295	14750000
296	14800000	299	14950000
300	15000000	300	15000000
301	15050000	303	15150000
304	15200000	306	15300000
307	15350000	307	15350000
308	15400000	309	15450000
310	15500000	312	15600000
313	15650000	316	15800000
317	15850000	320	16000000
321	16050000	325	16250000
326	16300000	328	16400000
329	16450000	330	16500000
331	16550000	332	16600000
333	16650000	334	16700000
335	16750000	338	16900000
339	16950000	345	17250000
346	17300000	349	17450000
350	17500000	357	17850000
358	17900000	358	17900000
359	17950000	367	18350000
368	18400000	371	18550000
372	18600000	376	18800000
377	18850000	380	19000000
381	19050000	386	19300000
387	19350000	390	19500000
391	19550000	395	19750000
396	19800000	398	19900000
399	19950000	404	20200000
405	20250000	419	20950000
420	21000000	440	22000000
441	22050000	458	22900000
459	22950000	464	23200000
465	23250000	476	23800000
477	23850000	480	24000000
481	24050000	486	24300000
487	24350000	494	24700000
495	24750000	512	25600000
513	25650000	514	25700000
515	25750000	518	25900000
519	25950000	542	27100000
543	27150000	546	27300000
547	27350000	548	27400000
549	27450000	549	27450000
550	27500000	554	27700000
555	27750000	558	27900000
559	27950000	567	28350000
568	28400000	576	28800000
577	28850000	585	29250000
586	29300000	596	29800000
597	29850000	600	30000000
601	30050000	606	30300000
607	30350000	613	30650000
614	30700000	615	30750000
616	30800000	624	31200000
625	31250000	632	31600000
633	31650000	633	31650000
634	31700000	642	32100000
643	32150000	645	32250000
646	32300000	649	32450000
650	32500000	650	32500000
651	32550000	654	32700000
655	32750000	658	32900000
659	32950000	660	33000000
661	33050000	663	33150000
664	33200000	668	33400000
669	33450000	672	33600000
673	33650000	676	33800000
677	33850000	677	33850000
678	33900000	685	34250000
686	34300000	694	34700000
695	34750000	719	35950000
720	36000000	734	36700000
735	36750000	740	37000000
741	37050000	745	37250000
746	37300000	748	37400000
749	37450000	757	37850000
758	37900000	758	37900000
759	37950000	762	38100000
763	38150000	765	38250000
766	38300000	770	38500000
771	38550000	774	38700000
775	38750000	781	39050000
782	39100000	785	39250000
786	39300000	787	39350000
788	39400000	788	39400000
789	39450000	792	39600000
793	39650000	799	39950000
800	40000000	805	40250000
806	40300000	808	40400000
809	40450000	810	40500000
811	40550000	811	40550000
812	40600000	827	41350000
828	41400000	838	41900000
839	41950000	841	42050000
842	42100000	843	42150000
844	42200000	844	42200000
845	42250000	846	42300000
847	42350000	851	42550000
852	42600000	857	42850000
858	42900000	866	43300000
867	43350000	872	43600000
873	43650000	879	43950000
880	44000000	881	44050000
882	44100000	886	44300000
887	44350000	890	44500000
891	44550000	898	44900000
899	44950000	902	45100000
903	45150000	910	45500000
911	45550000	914	45700000
915	45750000	915	45750000
916	45800000	919	45950000
920	46000000	922	46100000
923	46150000	924	46200000
925	46250000	928	46400000
929	46450000	931	46550000
932	46600000	934	46700000
935	46750000	938	46900000
939	46950000	941	47050000
942	47100000	948	47400000
949	47450000	950	47500000
951	47550000	954	47700000
955	47750000	956	47800000
957	47850000	962	48100000
963	48150000	964	48200000
965	48250000	969	48450000
970	48500000	970	48500000
971	48550000	974	48700000
975	48750000	980	49000000
981	49050000	982	49100000
983	49150000	988	49400000
989	49450000	990	49500000
991	49550000	994	49700000
995	49750000	1002	50100000
1003	50150000	1006	50300000
1007	50350000	1009	50450000
1010	50500000	1014	50700000
1015	50750000	1027	51350000
1028	51400000	1029	51450000
1030	51500000	1030	51500000
1031	51550000	1034	51700000
1035	51750000	1039	51950000
1040	52000000	1041	52050000
1042	52100000	1042	52100000
1043	52150000	1044	52200000
1045	52250000	1049	52450000
1050	52500000	1054	52700000
1055	52750000	1060	53000000
1061	53050000	1063	53150000
1064	53200000	1067	53350000
1068	53400000	1075	53750000
1076	53800000	1077	53850000
1078	53900000	1079	53950000
1080	54000000	1096	54800000
1097	54850000	1109	55450000
1110	55500000	1112	55600000
1113	55650000	1114	55700000
1115	55750000	1122	56100000
1123	56150000	1131	56550000
1132	56600000	1133	56650000
1134	56700000	1135	56750000
1136	56800000	1138	56900000
1139	56950000	1140	57000000
1141	57050000	1142	57100000
1143	57150000	1151	57550000
1152	57600000	1158	57900000
1159	57950000	1159	57950000
1160	58000000	1162	58100000
1163	58150000	1164	58200000
1165	58250000	1165	58250000
1166	58300000	1167	58350000
1168	58400000	1171	58550000
1172	58600000	1173	58650000
1174	58700000	1182	59100000
1183	59150000	1184	59200000
1185	59250000	1191	59550000
1192	59600000	1198	59900000
1199	59950000	1219	60950000
1220	61000000	1228	61400000
1229	61450000	1238	61900000
1239	61950000	1244	62200000
1245	62250000	1252	62600000
1253	62650000	1266	63300000
1267	63350000	1276	63800000
1277	63850000	1278	63900000
1279	63950000	1281	64050000
1282	64100000	1290	64500000
1291	64550000	1306	65300000
1307	65350000	1315	65750000
1316	65800000	1324	66200000
1325	66250000	1325	66250000
1326	66300000	1328	66400000
1329	66450000	1329	66450000
1330	66500000	1337	66850000
1338	66900000	1340	67000000
1341	67050000	1341	67050000
1342	67100000	1348	67400000
1349	67450000	1352	67600000
1353	67650000	1357	67850000
1358	67900000	1377	68850000
1378	68900000	1380	69000000
1381	69050000	1385	69250000
1386	69300000	1387	69350000
1388	69400000	1389	69450000
1390	69500000	1398	69900000
1399	69950000	1401	70050000
1402	70100000	1410	70500000
1411	70550000	1411	70550000
1412	70600000	1420	71000000
1421	71050000	1432	71600000
1433	71650000	1434	71700000
1435	71750000	1437	71850000
1438	71900000	1441	72050000
1442	72100000	1457	72850000
1458	72900000	1460	73000000
1461	73050000	1462	73100000
1463	73150000	1471	73550000
1472	73600000	1485	74250000
1486	74300000	1504	75200000
1505	75250000	1513	75650000
1514	75700000	1515	75750000
1516	75800000	1516	75800000
1517	75850000	1525	76250000
1526	76300000	1532	76600000
1533	76650000	1540	77000000
1541	77050000	1547	77350000
1548	77400000	1573	78650000
1574	78700000	1581	79050000
1582	79100000	1589	79450000
1590	79500000	1604	80200000
1605	80250000	1624	81200000
1625	81250000	1629	81450000
1630	81500000	1636	81800000
1637	81850000	1656	82800000
1657	82850000	1672	83600000
1673	83650000	1697	84850000
1698	84900000	1699	84950000
1700	85000000	1712	85600000
1713	85650000	1715	85750000
1716	85800000	1732	86600000
1733	86650000	1735	86750000
1736	86800000	1744	87200000
1745	87250000	1745	87250000
1746	87300000	1761	88050000
1762	88100000	1764	88200000
1765	88250000	1773	88650000
1774	88700000	1793	89650000
1794	89700000	1802	90100000
1803	90150000	1806	90300000
1807	90350000	1810	90500000
1811	90550000	1814	90700000
1816	90800000	1818	90900000
1819	90950000	1821	91050000
1822	91100000	1822	91100000
1823	91150000	1824	91200000
1880	94000000	1881	94050000
1882	94100000	1885	94250000
1886	94300000	1896	94800000
1897	94850000	1902	95100000
1903	95150000	1911	95550000
1912	95600000	1925	96250000
1926	96300000	1936	96800000
1937	96850000	1954	97700000
1955	97750000	1955	97750000
1956	97800000	1958	97900000
1959	97950000	1961	98050000
1962	98100000	1967	98350000
1968	98400000	1971	98550000
1972	98600000	1972	98600000
1973	98650000	1975	98750000
1976	98800000	1978	98900000
1979	98950000	1987	99350000
1988	99400000	1996	99800000
1997	99850000	1998	99900000
1999	99950000	2004	100200000
2005	100250000	2006	100300000
2007	100350000	2011	100550000
2012	100600000	2014	100700000
2015	100750000	2015	100750000
2016	100800000	2029	101450000
2030	101500000	2034	101700000
2035	101750000	2036	101800000
2037	101850000	2045	102250000
2046	102300000	2052	102600000
2053	102650000	2054	102700000
2055	102750000	2062	103100000
2063	103150000	2085	104250000
2086	104300000	2092	104600000
2093	104650000	2108	105400000
2109	105450000	2109	105450000
2110	105500000	2115	105750000
2116	105800000	2116	105800000
2117	105850000	2127	106350000
2128	106400000	2130	106500000
2131	106550000	2133	106650000
2134	106700000	2143	107150000
2144	107200000	2144	107200000
2145	107250000	2148	107400000
2149	107450000	2150	107500000
2151	107550000	2156	107800000
2157	107850000	2161	108050000
2162	108100000	2169	108450000
2170	108500000	2173	108650000
2174	108700000	2179	108950000
2180	109000000	2181	109050000
2182	109100000	2183	109150000
2184	109200000	2222	111100000
2223	111150000	2231	111550000
2232	111600000	2234	111700000
2235	111750000	2240	112000000
2241	112050000	2242	112100000
2243	112150000	2245	112250000
2246	112300000	2246	112300000
2247	112350000	2251	112550000
2252	112600000	2252	112600000
2253	112650000	2259	112950000
2260	113000000	2262	113100000
2263	113150000	2266	113300000
2267	113350000	2271	113550000
2272	113600000	2276	113800000
2277	113850000	2282	114100000
2283	114150000	2298	114900000
2299	114950000	2303	115150000
2304	115200000	2304	115200000
2305	115250000	2313	115650000
2314	115700000	2318	115900000
2319	115950000	2322	116100000
2323	116150000	2331	116550000
2332	116600000	2335	116750000
2336	116800000	2339	116950000
2340	117000000	2340	117000000
2341	117050000	2351	117550000
2352	117600000	2364	118200000
2365	118250000	2373	118650000
2374	118700000	2377	118850000
2378	118900000	2383	119150000
2384	119200000	2385	119250000
2386	119300000	2392	119600000
2393	119650000	2394	119700000
2395	119750000	2399	119950000
2400	120000000	2401	120050000
2402	120100000	2404	120200000
2405	120250000	2409	120450000
2410	120500000	2411	120550000
2412	120600000	2416	120800000
2417	120850000	2428	121400000
2429	121450000	2430	121500000
2431	121550000	2432	121600000
2433	121650000	2441	122050000
2442	122100000	2443	122150000
2444	122200000	2448	122400000
2449	122450000	2450	122500000
2451	122550000	2452	122600000
2453	122650000	2453	122650000
2454	122700000	2455	122750000
2456	122800000	2466	123300000
2467	123350000	2471	123550000
2472	123600000	2472	123600000
2473	123650000	2480	124000000
2481	124050000	2486	124300000
2487	124350000	2491	124550000
2492	124600000	2494	124700000
2495	124750000	2496	124800000
2497	124850000	2497	124850000
2498	124900000	2499	124950000
2500	125000000	2503	125150000
2504	125200000	2509	125450000
2510	125500000	2512	125600000
2513	125650000	2516	125800000
2517	125850000	2521	126050000
2522	126100000	2530	126500000
2531	126550000	2533	126650000
2534	126700000	2538	126900000
2539	126950000	2539	126950000
2540	127000000	2541	127050000
2542	127100000	2551	127550000
2552	127600000	2556	127800000
2557	127850000	2561	128050000
2562	128100000	2568	128400000
2569	128450000	2572	128600000
2573	128650000	2574	128700000
2575	128750000	2575	128750000
2576	128800000	2578	128900000
2579	128950000	2584	129200000
2585	129250000	2586	129300000
2587	129350000	2591	129550000
2592	129600000	2594	129700000
2595	129750000	2597	129850000
2598	129900000	2601	130050000
2602	130100000	2603	130150000
2604	130200000	2613	130650000
2614	130700000	2616	130800000
2617	130850000	2621	131050000
2622	131100000	2630	131500000
2631	131550000	2636	131800000
2637	131850000	2637	131850000
2638	131900000	2644	132200000
2645	132250000	2651	132550000
2652	132600000	2654	132700000
2655	132750000	2655	132750000
2656	132800000	2664	133200000
2665	133250000	2668	133400000
2669	133450000	2670	133500000
2671	133550000	2673	133650000
2674	133700000	2682	134100000
2683	134150000	2688	134400000
2689	134450000	2694	134700000
2695	134750000	2697	134850000
2698	134900000	2705	135250000
2706	135300000	2721	136050000
2722	136100000	2727	136350000
2728	136400000	2735	136750000
2736	136800000	2738	136900000
2739	136950000	2742	137100000
2743	137150000	2751	137550000
2752	137600000	2760	138000000
2761	138050000	2762	138100000
2763	138150000	2764	138200000
2765	138250000	2776	138800000
2777	138850000	2777	138850000
2778	138900000	2779	138950000
2780	139000000	2787	139350000
2788	139400000	2788	139400000
2789	139450000	2803	140150000
2804	140200000	2816	140800000
2817	140850000	2819	140950000
2820	141000000	2824	141200000
2825	141250000	2825	141250000
2826	141300000	2827	141350000
2828	141400000	2828	141400000
2829	141450000	2830	141500000
2831	141550000	2833	141650000
2834	141700000	2838	141900000
2839	141950000	2839	141950000
2840	142000000	2846	142300000
2847	142350000	2851	142550000
2852	142600000	2856	142800000
2857	142850000	2860	143000000
2861	143050000	2861	143050000
2862	143100000	2865	143250000
2866	143300000	2874	143700000
2875	143750000	2880	144000000
2881	144050000	2889	144450000
2890	144500000	2915	145750000
2916	145800000	2921	146050000
2922	146100000	2924	146200000
2925	146250000	2933	146650000
2934	146700000	2945	147250000
2946	147300000	2953	147650000
2954	147700000	2962	148100000
2963	148150000	2964	148200000
2965	148250000	2970	148500000
2971	148550000	2979	148950000
2980	149000000	2982	149100000
2983	149150000	2986	149300000
2987	149350000	2989	149450000
2990	149500000	2992	149600000
2993	149650000	2994	149700000
2995	149750000	2999	149950000
3000	150000000	3002	150100000
3003	150150000	3005	150250000
3006	150300000	3010	150500000
3011	150550000	3012	150600000
3013	150650000	3014	150700000
3015	150750000	3018	150900000
3019	150950000	3023	151150000
3024	151200000	3025	151250000
3026	151300000	3028	151400000
3029	151450000	3037	151850000
3038	151900000	3039	151950000
3040	152000000	3045	152250000
3046	152300000	3049	152450000
3050	152500000	3051	152550000
3052	152600000	3060	153000000
3061	153050000	3062	153100000
3063	153150000	3076	153800000
3077	153850000	3078	153900000
3079	153950000	3084	154200000
3085	154250000	3086	154300000
3087	154350000	3094	154700000
3095	154750000	3107	155350000
3108	155400000	3113	155650000
3114	155700000	3116	155800000
3117	155850000	3117	155850000
3118	155900000	3122	156100000
3123	156150000	3129	156450000
3130	156500000	3132	156600000
3133	156650000	3133	156650000
3134	156700000	3135	156750000
3136	156800000	3142	157100000
3143	157150000	3144	157200000
3145	157250000	3149	157450000
3150	157500000	3154	157700000
3155	157750000	3162	158100000
3163	158150000	3168	158400000
3169	158450000	3175	158750000
3176	158800000	3177	158850000
3178	158900000	3186	159300000
3187	159350000	3196	159800000
3197	159850000	3199	159950000
3200	160000000	3201	160050000
3202	160100000	3210	160500000
3211	160550000	3211	160550000
3212	160600000	3218	160900000
3219	160950000	3220	161000000
3221	161050000	3225	161250000
3226	161300000	3229	161450000
3230	161500000	3230	161500000
3231	161550000	3238	161900000
3239	161950000	3256	162800000
3257	162850000	3257	162850000
3258	162900000	3263	163150000
3264	163200000	3278	163900000
3279	163950000	3305	165250000
3306	165300000	3332	166600000
3333	166650000	3349	167450000
3350	167500000	3351	167550000
3352	167600000	3358	167900000
3359	167950000	3360	168000000
3361	168050000	3364	168200000
3365	168250000	3366	168300000
3367	168350000	3371	168550000
3372	168600000	3377	168850000
3378	168900000	3382	169100000
3383	169150000	3394	169700000
3395	169750000	3395	169750000
3396	169800000	3398	169900000
3399	169950000	3407	170350000
3408	170400000	3408	170400000
3409	170450000	3417	170850000
3418	170900000	3423	171150000
3424	171200000	3430	171500000
3431	171550000	3432	171600000
3433	171650000	3437	171850000
3438	171900000	3440	172000000
3441	172050000	3447	172350000
3448	172400000	3451	172550000
3452	172600000	3456	172800000
3457	172850000	3457	172850000
3458	172900000	3504	175200000
3505	175250000	3536	176800000
3537	176850000	3542	177100000
3543	177150000	3543	177150000
3544	177200000	3546	177300000
3547	177350000	3556	177800000
3557	177850000	3568	178400000
3569	178450000	3580	179000000
3581	179050000	3584	179200000
3585	179250000	3587	179350000
3588	179400000	3590	179500000
3591	179550000	3593	179650000
3594	179700000	3600	180000000
3601	180050000	3612	180600000
3613	180650000	3620	181000000
3621	181050000	3626	181300000
3627	181350000	3634	181700000
3635	181750000	3643	182150000
3644	182200000	3654	182700000
3655	182750000	3658	182900000
3659	182950000	3660	183000000
3661	183050000	3663	183150000
3664	183200000	3668	183400000
3669	183450000	3669	183450000
3670	183500000	3675	183750000
3676	183800000	3678	183900000
3679	183950000	3683	184150000
3684	184200000	3685	184250000
3686	184300000	3689	184450000
3690	184500000	3693	184650000
3694	184700000	3696	184800000
3697	184850000	3697	184850000
3698	184900000	3706	185300000
3707	185350000	3707	185350000
3708	185400000	3712	185600000
3713	185650000	3713	185650000
3714	185700000	3716	185800000
3717	185850000	3719	185950000
3720	186000000	3725	186250000
3726	186300000	3731	186550000
3732	186600000	3734	186700000
3735	186750000	3736	186800000
3737	186850000	3740	187000000
3741	187050000	3744	187200000
3745	187250000	3745	187250000
3746	187300000	3753	187650000
3754	187700000	3756	187800000
3757	187850000	3772	188600000
3773	188650000	3785	189250000
3786	189300000	3796	189800000
3797	189850000	3799	189950000
3800	190000000	3801	190050000
3802	190100000	3802	190100000
3803	190150000	3806	190300000
3807	190350000	3815	190750000
3816	190800000	3822	191100000
3823	191150000	3825	191250000
3826	191300000	3828	191400000
3829	191450000	3842	192100000
3843	192150000	3848	192400000
3849	192450000	3850	192500000
3851	192550000	3855	192750000
3856	192800000	3857	192850000
3858	192900000	3859	192950000
3860	193000000	3872	193600000
3873	193650000	3875	193750000
3876	193800000	3887	194350000
3888	194400000	3890	194500000
3891	194550000	3893	194650000
3894	194700000	3902	195100000
3903	195150000	3904	195200000
3905	195250000	3907	195350000
3908	195400000	3909	195450000
3910	195500000	3912	195600000
3913	195650000	3914	195700000
3915	195750000	3917	195850000
3918	195900000	3918	195900000
3919	195950000	3923	196150000
3924	196200000	3924	196200000
3925	196250000	3930	196500000
3931	196550000	3933	196650000
3934	196700000	3936	196800000
3937	196850000	3940	197000000
3941	197050000	3944	197200000
3945	197250000	3947	197350000
3948	197400000	3948	197400000
3949	197450000	3951	197550000
3952	197600000	3956	197800000
3957	197850000	3957	197850000
3958	197900000	3963	198150000
