1	50000	8	400000
9	450000	9	450000
10	500000	18	900000
19	950000	25	1250000
26	1300000	33	1650000
34	1700000	41	2050000
42	2100000	97	4850000
98	4900000	102	5100000
103	5150000	109	5450000
110	5500000	117	5850000
118	5900000	132	6600000
133	6650000	133	6650000
134	6700000	136	6800000
137	6850000	157	7850000
158	7900000	176	8800000
177	8850000	185	9250000
186	9300000	188	9400000
189	9450000	203	10150000
204	10200000	205	10250000
206	10300000	208	10400000
209	10450000	210	10500000
211	10550000	217	10850000
218	10900000	225	11250000
226	11300000	279	13950000
280	14000000	284	14200000
285	14250000	286	14300000
287	14350000	294	14700000
295	14750000	301	15050000
302	15100000	322	16100000
323	16150000	328	16400000
329	16450000	335	16750000
336	16800000	344	17200000
345	17250000	351	17550000
352	17600000	367	18350000
368	18400000	368	18400000
369	18450000	377	18850000
378	18900000	428	21400000
429	21450000	436	21800000
437	21850000	464	23200000
465	23250000	466	23300000
467	23350000	490	24500000
491	24550000	535	26750000
536	26800000	566	28300000
567	28350000	631	31550000
632	31600000	642	32100000
643	32150000	651	32550000
652	32600000	653	32650000
654	32700000	668	33400000
669	33450000	669	33450000
670	33500000	678	33900000
679	33950000	680	34000000
681	34050000	683	34150000
684	34200000	689	34450000
690	34500000	698	34900000
699	34950000	701	35050000
702	35100000	712	35600000
713	35650000	718	35900000
719	35950000	725	36250000
726	36300000	734	36700000
735	36750000	740	37000000
741	37050000	748	37400000
749	37450000	756	37800000
757	37850000	765	38250000
766	38300000	768	38400000
769	38450000	777	38850000
778	38900000	781	39050000
782	39100000	798	39900000
799	39950000	814	40700000
815	40750000	818	40900000
819	40950000	824	41200000
825	41250000	833	41650000
834	41700000	836	41800000
837	41850000	842	42100000
843	42150000	858	42900000
859	42950000	861	43050000
862	43100000	870	43500000
871	43550000	874	43700000
875	43750000	889	44450000
890	44500000	896	44800000
897	44850000	928	46400000
999	49950000	1001	50050000
1003	50150000	1007	50350000
1008	50400000	1016	50800000
1017	50850000	1018	50900000
1019	50950000	1053	52650000
1054	52700000	1058	52900000
1059	52950000	1063	53150000
1064	53200000	1085	54250000
1086	54300000	1090	54500000
1091	54550000	1098	54900000
1099	54950000	1104	55200000
1105	55250000	1106	55300000
1107	55350000	1115	55750000
1116	55800000	1119	55950000
1120	56000000	1122	56100000
1123	56150000	1125	56250000
1126	56300000	1137	56850000
1138	56900000	1145	57250000
1146	57300000	1146	57300000
1147	57350000	1156	57800000
1157	57850000	1170	58500000
1171	58550000	1177	58850000
1178	58900000	1187	59350000
1188	59400000	1191	59550000
1192	59600000	1196	59800000
1197	59850000	1205	60250000
1206	60300000	1214	60700000
1215	60750000	1219	60950000
1220	61000000	1235	61750000
1236	61800000	1244	62200000
1245	62250000	1248	62400000
1249	62450000	1277	63850000
1278	63900000	1282	64100000
1283	64150000	1292	64600000
1293	64650000	1296	64800000
1297	64850000	1310	65500000
1311	65550000	1314	65700000
1315	65750000	1323	66150000
1324	66200000	1326	66300000
1327	66350000	1336	66800000
1337	66850000	1345	67250000
1346	67300000	1365	68250000
1366	68300000	1368	68400000
1369	68450000	1370	68500000
1371	68550000	1380	69000000
1381	69050000	1381	69050000
1382	69100000	1390	69500000
1391	69550000	1392	69600000
1393	69650000	1393	69650000
1401	70050000	1402	70100000
1407	70350000	1409	70450000
1410	70500000	1410	70500000
1411	70550000	1411	70550000
1416	70800000	1416	70800000
1418	70900000	1420	71000000
1421	71050000	1422	71100000
1423	71150000	1424	71200000
1426	71300000	1429	71450000
1430	71500000	1442	72100000
1443	72150000	1447	72350000
1448	72400000	1451	72550000
1452	72600000	1461	73050000
1462	73100000	1470	73500000
1471	73550000	1471	73550000
1472	73600000	1477	73850000
1478	73900000	1478	73900000
1479	73950000	1493	74650000
1494	74700000	1499	74950000
1500	75000000	1506	75300000
1507	75350000	1514	75700000
1515	75750000	1525	76250000
1526	76300000	1533	76650000
1534	76700000	1536	76800000
1537	76850000	1542	77100000
1543	77150000	1550	77500000
1551	77550000	1560	78000000
1561	78050000	1569	78450000
1570	78500000	1580	79000000
1581	79050000	1590	79500000
1591	79550000	1602	80100000
1603	80150000	1603	80150000
1604	80200000	1607	80350000
1608	80400000	1614	80700000
1615	80750000	1624	81200000
1625	81250000	1633	81650000
1634	81700000	1635	81750000
1636	81800000	1645	82250000
1646	82300000	1646	82300000
1647	82350000	1652	82600000
1653	82650000	1661	83050000
1662	83100000	1670	83500000
1671	83550000	1673	83650000
1674	83700000	1682	84100000
1683	84150000	1690	84500000
1691	84550000	1740	87000000
1741	87050000	1748	87400000
1749	87450000	1754	87700000
1755	87750000	1763	88150000
1764	88200000	1774	88700000
1775	88750000	1777	88850000
1778	88900000	1805	90250000
1806	90300000	1817	90850000
1818	90900000	1826	91300000
1827	91350000	1871	93550000
1872	93600000	1879	93950000
1880	94000000	1883	94150000
1884	94200000	1889	94450000
1890	94500000	1898	94900000
1899	94950000	1906	95300000
1907	95350000	1912	95600000
1913	95650000	1917	95850000
1918	95900000	1926	96300000
1927	96350000	1933	96650000
1934	96700000	1935	96750000
1936	96800000	1942	97100000
1943	97150000	1944	97200000
1945	97250000	1976	98800000
1977	98850000	1979	98950000
1980	99000000	1982	99100000
1983	99150000	1995	99750000
1996	99800000	2009	100450000
2010	100500000	2023	101150000
2024	101200000	2053	102650000
2054	102700000	2063	103150000
2064	103200000	2064	103200000
2065	103250000	2070	103500000
2071	103550000	2075	103750000
2076	103800000	2084	104200000
2085	104250000	2137	106850000
2138	106900000	2154	107700000
2155	107750000	2168	108400000
2169	108450000	2177	108850000
2178	108900000	2178	108900000
2179	108950000	2190	109500000
2191	109550000	2213	110650000
2214	110700000	2222	111100000
2223	111150000	2225	111250000
2226	111300000	2231	111550000
2232	111600000	2243	112150000
2244	112200000	2250	112500000
2251	112550000	2260	113000000
2261	113050000	2266	113300000
2267	113350000	2273	113650000
2274	113700000	2287	114350000
2288	114400000	2288	114400000
2289	114450000	2290	114500000
2291	114550000	2305	115250000
2306	115300000	2312	115600000
2313	115650000	2314	115700000
2315	115750000	2322	116100000
2323	116150000	2331	116550000
2332	116600000	2340	117000000
2341	117050000	2348	117400000
2349	117450000	2379	118950000
2380	119000000	2389	119450000
2390	119500000	2397	119850000
2398	119900000	2411	120550000
2412	120600000	2439	121950000
2440	122000000	2443	122150000
2444	122200000	2449	122450000
2450	122500000	2457	122850000
2458	122900000	2467	123350000
2468	123400000	2473	123650000
2474	123700000	2487	124350000
2488	124400000	2494	124700000
2495	124750000	2503	125150000
2504	125200000	2526	126300000
2527	126350000	2529	126450000
2530	126500000	2534	126700000
2535	126750000	2536	126800000
2537	126850000	2542	127100000
2543	127150000	2550	127500000
2551	127550000	2564	128200000
2565	128250000	2572	128600000
2573	128650000	2577	128850000
2578	128900000	2586	129300000
2587	129350000	2596	129800000
2597	129850000	2623	131150000
2624	131200000	2626	131300000
2627	131350000	2631	131550000
2632	131600000	2641	132050000
2642	132100000	2647	132350000
2648	132400000	2649	132450000
2650	132500000	2650	132500000
2651	132550000	2658	132900000
2659	132950000	2662	133100000
2663	133150000	2670	133500000
2671	133550000	2679	133950000
2680	134000000	2680	134000000
2681	134050000	2683	134150000
2684	134200000	2686	134300000
2687	134350000	2692	134600000
2693	134650000	2699	134950000
2700	135000000	2708	135400000
2709	135450000	2717	135850000
2718	135900000	2725	136250000
2726	136300000	2745	137250000
2746	137300000	2752	137600000
2753	137650000	2755	137750000
2756	137800000	2763	138150000
2764	138200000	2771	138550000
2772	138600000	2785	139250000
2786	139300000	2789	139450000
2790	139500000	2795	139750000
2796	139800000	2804	140200000
2805	140250000	2808	140400000
2809	140450000	2815	140750000
2816	140800000	2816	140800000
2817	140850000	2826	141300000
2827	141350000	2830	141500000
2831	141550000	2833	141650000
2834	141700000	2840	142000000
2841	142050000	2843	142150000
2844	142200000	2852	142600000
2853	142650000	2854	142700000
2855	142750000	2858	142900000
2859	142950000	2859	142950000
2860	143000000	2867	143350000
2868	143400000	2877	143850000
2878	143900000	2884	144200000
2885	144250000	2913	145650000
2914	145700000	2922	146100000
2923	146150000	2925	146250000
2926	146300000	2929	146450000
2930	146500000	2931	146550000
2932	146600000	2940	147000000
2941	147050000	2944	147200000
2945	147250000	2952	147600000
2953	147650000	2958	147900000
2959	147950000	2974	148700000
2975	148750000	2981	149050000
2982	149100000	2986	149300000
2987	149350000	2992	149600000
2993	149650000	2994	149700000
2995	149750000	2995	149750000
2996	149800000	2999	149950000
3000	150000000	3008	150400000
3009	150450000	3017	150850000
3018	150900000	3020	151000000
3021	151050000	3026	151300000
3027	151350000	3034	151700000
3035	151750000	3036	151800000
3037	151850000	3045	152250000
3046	152300000	3051	152550000
3052	152600000	3079	153950000
3080	154000000	3080	154000000
3081	154050000	3089	154450000
3090	154500000	3093	154650000
3094	154700000	3100	155000000
3101	155050000	3102	155100000
3103	155150000	3111	155550000
3112	155600000	3119	155950000
3120	156000000	3143	157150000
3144	157200000	3147	157350000
3148	157400000	3155	157750000
3156	157800000	3157	157850000
3158	157900000	3161	158050000
3162	158100000	3173	158650000
3174	158700000	3181	159050000
3182	159100000	3183	159150000
3184	159200000	3190	159500000
3191	159550000	3200	160000000
3201	160050000	3208	160400000
3209	160450000	3210	160500000
3211	160550000	3219	160950000
3220	161000000	3231	161550000
3232	161600000	3243	162150000
3244	162200000	3267	163350000
3268	163400000	3271	163550000
3272	163600000	3291	164550000
3292	164600000	3298	164900000
3299	164950000	3353	167650000
3354	167700000	3362	168100000
3363	168150000	3365	168250000
3366	168300000	3373	168650000
3374	168700000	3392	169600000
3393	169650000	3400	170000000
3401	170050000	3404	170200000
3405	170250000	3408	170400000
3409	170450000	3414	170700000
3415	170750000	3424	171200000
3425	171250000	3429	171450000
3430	171500000	3438	171900000
3439	171950000	3441	172050000
3442	172100000	3447	172350000
3448	172400000	3448	172400000
3449	172450000	3454	172700000
3455	172750000	3459	172950000
3460	173000000	3463	173150000
3464	173200000	3472	173600000
3473	173650000	3480	174000000
3481	174050000	3488	174400000
3489	174450000	3497	174850000
3498	174900000	3498	174900000
3499	174950000	3509	175450000
3510	175500000	3522	176100000
3523	176150000	3527	176350000
3528	176400000	3532	176600000
3533	176650000	3540	177000000
3541	177050000	3541	177050000
3542	177100000	3546	177300000
3547	177350000	3551	177550000
3552	177600000	3558	177900000
3559	177950000	3563	178150000
3564	178200000	3564	178200000
3565	178250000	3573	178650000
3574	178700000	3590	179500000
3591	179550000	3614	180700000
3615	180750000	3623	181150000
3624	181200000	3627	181350000
