6	300000	7	350000
8	400000	15	750000
16	800000	28	1400000
29	1450000	31	1550000
32	1600000	45	2250000
46	2300000	55	2750000
56	2800000	58	2900000
59	2950000	62	3100000
63	3150000	65	3250000
66	3300000	73	3650000
74	3700000	76	3800000
77	3850000	84	4200000
85	4250000	95	4750000
96	4800000	97	4850000
98	4900000	102	5100000
103	5150000	108	5400000
109	5450000	109	5450000
110	5500000	120	6000000
121	6050000	121	6050000
122	6100000	131	6550000
132	6600000	134	6700000
135	6750000	145	7250000
146	7300000	153	7650000
154	7700000	159	7950000
160	8000000	162	8100000
163	8150000	170	8500000
171	8550000	179	8950000
180	9000000	200	10000000
201	10050000	209	10450000
210	10500000	213	10650000
214	10700000	217	10850000
218	10900000	222	11100000
223	11150000	229	11450000
230	11500000	235	11750000
236	11800000	243	12150000
244	12200000	245	12250000
246	12300000	253	12650000
254	12700000	263	13150000
264	13200000	266	13300000
267	13350000	273	13650000
274	13700000	276	13800000
277	13850000	284	14200000
285	14250000	294	14700000
295	14750000	305	15250000
306	15300000	307	15350000
308	15400000	310	15500000
311	15550000	313	15650000
314	15700000	323	16150000
324	16200000	326	16300000
327	16350000	336	16800000
337	16850000	343	17150000
344	17200000	352	17600000
353	17650000	353	17650000
354	17700000	363	18150000
364	18200000	366	18300000
367	18350000	371	18550000
372	18600000	375	18750000
376	18800000	379	18950000
380	19000000	381	19050000
388	19400000	390	19500000
391	19550000	393	19650000
394	19700000	401	20050000
402	20100000	405	20250000
406	20300000	411	20550000
412	20600000	432	21600000
433	21650000	460	23000000
461	23050000	475	23750000
476	23800000	485	24250000
486	24300000	489	24450000
490	24500000	496	24800000
497	24850000	497	24850000
498	24900000	501	25050000
502	25100000	507	25350000
508	25400000	513	25650000
514	25700000	520	26000000
521	26050000	522	26100000
523	26150000	527	26350000
547	27350000	549	27450000
550	27500000	556	27800000
557	27850000	558	27900000
559	27950000	561	28050000
562	28100000	568	28400000
569	28450000	573	28650000
574	28700000	581	29050000
582	29100000	592	29600000
593	29650000	593	29650000
594	29700000	596	29800000
597	29850000	598	29900000
599	29950000	603	30150000
604	30200000	609	30450000
610	30500000	615	30750000
616	30800000	617	30850000
618	30900000	622	31100000
623	31150000	623	31150000
624	31200000	625	31250000
626	31300000	626	31300000
627	31350000	632	31600000
633	31650000	638	31900000
639	31950000	639	31950000
640	32000000	642	32100000
643	32150000	644	32200000
645	32250000	648	32400000
649	32450000	653	32650000
654	32700000	655	32750000
656	32800000	657	32850000
658	32900000	660	33000000
661	33050000	665	33250000
666	33300000	674	33700000
675	33750000	683	34150000
684	34200000	686	34300000
687	34350000	687	34350000
688	34400000	689	34450000
690	34500000	697	34850000
698	34900000	705	35250000
706	35300000	708	35400000
709	35450000	710	35500000
711	35550000	714	35700000
715	35750000	728	36400000
729	36450000	732	36600000
733	36650000	733	36650000
734	36700000	742	37100000
743	37150000	746	37300000
747	37350000	754	37700000
755	37750000	761	38050000
762	38100000	762	38100000
763	38150000	771	38550000
772	38600000	776	38800000
777	38850000	783	39150000
784	39200000	787	39350000
788	39400000	796	39800000
797	39850000	798	39900000
799	39950000	807	40350000
808	40400000	819	40950000
820	41000000	826	41300000
827	41350000	831	41550000
832	41600000	833	41650000
834	41700000	836	41800000
837	41850000	841	42050000
842	42100000	844	42200000
845	42250000	851	42550000
852	42600000	852	42600000
853	42650000	858	42900000
859	42950000	864	43200000
865	43250000	871	43550000
872	43600000	873	43650000
874	43700000	882	44100000
883	44150000	888	44400000
889	44450000	892	44600000
893	44650000	901	45050000
902	45100000	908	45400000
909	45450000	917	45850000
918	45900000	921	46050000
922	46100000	936	46800000
937	46850000	941	47050000
942	47100000	947	47350000
948	47400000	949	47450000
950	47500000	952	47600000
953	47650000	956	47800000
957	47850000	962	48100000
992	49600000	998	49900000
999	49950000	1003	50150000
1004	50200000	1013	50650000
1014	50700000	1015	50750000
1016	50800000	1036	51800000
1037	51850000	1041	52050000
1042	52100000	1044	52200000
1045	52250000	1047	52350000
1048	52400000	1048	52400000
1049	52450000	1054	52700000
1055	52750000	1063	53150000
1064	53200000	1070	53500000
1071	53550000	1075	53750000
1076	53800000	1079	53950000
1080	54000000	1092	54600000
1093	54650000	1101	55050000
1102	55100000	1104	55200000
1105	55250000	1114	55700000
1115	55750000	1117	55850000
1118	55900000	1121	56050000
1122	56100000	1126	56300000
1127	56350000	1132	56600000
1133	56650000	1136	56800000
1137	56850000	1138	56900000
1139	56950000	1147	57350000
1265	63250000	1268	63400000
1269	63450000	1276	63800000
1277	63850000	1284	64200000
1367	68350000	1367	68350000
1368	68400000	1372	68600000
1373	68650000	1373	68650000
1374	68700000	1376	68800000
1377	68850000	1377	68850000
1378	68900000	1380	69000000
1381	69050000	1394	69700000
1395	69750000	1403	70150000
1404	70200000	1408	70400000
1409	70450000	1415	70750000
1416	70800000	1421	71050000
1422	71100000	1432	71600000
1433	71650000	1442	72100000
1443	72150000	1447	72350000
1448	72400000	1452	72600000
1453	72650000	1464	73200000
1465	73250000	1469	73450000
1470	73500000	1473	73650000
1474	73700000	1487	74350000
1488	74400000	1505	75250000
1506	75300000	1511	75550000
1512	75600000	1518	75900000
1519	75950000	1525	76250000
1526	76300000	1528	76400000
1529	76450000	1530	76500000
1531	76550000	1533	76650000
1534	76700000	1536	76800000
1537	76850000	1537	76850000
1538	76900000	1550	77500000
1572	78600000	1577	78850000
1578	78900000	1581	79050000
1582	79100000	1590	79500000
1591	79550000	1599	79950000
1600	80000000	1603	80150000
1604	80200000	1608	80400000
1632	81600000	1642	82100000
1643	82150000	1645	82250000
1646	82300000	1653	82650000
1654	82700000	1661	83050000
1662	83100000	1664	83200000
1665	83250000	1671	83550000
1672	83600000	1676	83800000
1677	83850000	1685	84250000
1686	84300000	1687	84350000
1688	84400000	1696	84800000
1697	84850000	1706	85300000
1707	85350000	1708	85400000
1709	85450000	1714	85700000
1715	85750000	1741	87050000
1742	87100000	1744	87200000
1745	87250000	1756	87800000
1757	87850000	1765	88250000
1766	88300000	1777	88850000
1778	88900000	1779	88950000
1780	89000000	1788	89400000
1789	89450000	1793	89650000
1794	89700000	1794	89700000
1795	89750000	1799	89950000
1800	90000000	1810	90500000
1811	90550000	1823	91150000
1824	91200000	1826	91300000
1827	91350000	1840	92000000
1841	92050000	1843	92150000
1844	92200000	1845	92250000
1846	92300000	1848	92400000
1916	95800000	1917	95850000
1922	96100000	1932	96600000
1933	96650000	1942	97100000
1943	97150000	1949	97450000
1950	97500000	1961	98050000
1962	98100000	1966	98300000
1967	98350000	1977	98850000
1978	98900000	1986	99300000
1987	99350000	1990	99500000
1991	99550000	1997	99850000
1998	99900000	2001	100050000
2002	100100000	2010	100500000
2011	100550000	2018	100900000
2019	100950000	2025	101250000
2086	104300000	2092	104600000
2093	104650000	2108	105400000
2109	105450000	2109	105450000
2110	105500000	2122	106100000
2123	106150000	2123	106150000
2124	106200000	2127	106350000
2128	106400000	2128	106400000
2129	106450000	2132	106600000
2133	106650000	2140	107000000
2141	107050000	2158	107900000
2159	107950000	2164	108200000
2165	108250000	2171	108550000
2172	108600000	2182	109100000
2183	109150000	2183	109150000
2184	109200000	2189	109450000
2190	109500000	2195	109750000
2196	109800000	2202	110100000
2203	110150000	2209	110450000
2210	110500000	2213	110650000
2214	110700000	2220	111000000
2221	111050000	2225	111250000
2226	111300000	2227	111350000
2228	111400000	2233	111650000
2234	111700000	2234	111700000
2235	111750000	2241	112050000
2242	112100000	2243	112150000
2244	112200000	2248	112400000
2249	112450000	2257	112850000
2258	112900000	2260	113000000
2261	113050000	2265	113250000
2266	113300000	2276	113800000
2277	113850000	2280	114000000
2281	114050000	2287	114350000
2288	114400000	2294	114700000
2295	114750000	2305	115250000
2306	115300000	2319	115950000
2320	116000000	2321	116050000
2322	116100000	2325	116250000
2326	116300000	2331	116550000
2332	116600000	2335	116750000
2336	116800000	2346	117300000
2347	117350000	2350	117500000
2351	117550000	2357	117850000
2358	117900000	2371	118550000
2372	118600000	2378	118900000
2379	118950000	2382	119100000
2383	119150000	2386	119300000
2387	119350000	2388	119400000
2389	119450000	2395	119750000
2396	119800000	2399	119950000
2421	121050000	2427	121350000
2428	121400000	2429	121450000
2430	121500000	2438	121900000
2439	121950000	2449	122450000
2450	122500000	2456	122800000
2457	122850000	2460	123000000
2480	124000000	2482	124100000
2483	124150000	2487	124350000
2488	124400000	2493	124650000
2494	124700000	2496	124800000
2497	124850000	2503	125150000
2504	125200000	2506	125300000
2507	125350000	2515	125750000
2516	125800000	2520	126000000
2521	126050000	2528	126400000
2529	126450000	2535	126750000
2536	126800000	2544	127200000
2545	127250000	2545	127250000
2546	127300000	2552	127600000
2553	127650000	2559	127950000
2560	128000000	2567	128350000
2568	128400000	2574	128700000
2575	128750000	2582	129100000
2583	129150000	2585	129250000
2586	129300000	2593	129650000
2594	129700000	2594	129700000
2595	129750000	2601	130050000
2602	130100000	2606	130300000
2607	130350000	2615	130750000
2616	130800000	2620	131000000
2621	131050000	2623	131150000
2624	131200000	2632	131600000
2633	131650000	2633	131650000
2634	131700000	2636	131800000
2637	131850000	2637	131850000
2638	131900000	2645	132250000
2646	132300000	2650	132500000
2651	132550000	2657	132850000
2658	132900000	2664	133200000
2665	133250000	2672	133600000
2673	133650000	2678	133900000
2679	133950000	2682	134100000
2683	134150000	2683	134150000
2684	134200000	2688	134400000
2689	134450000	2699	134950000
2700	135000000	2702	135100000
2703	135150000	2709	135450000
2710	135500000	2710	135500000
2711	135550000	2719	135950000
2720	136000000	2725	136250000
2726	136300000	2726	136300000
2727	136350000	2731	136550000
2732	136600000	2735	136750000
2736	136800000	2741	137050000
2742	137100000	2745	137250000
2746	137300000	2753	137650000
2754	137700000	2755	137750000
2756	137800000	2758	137900000
2759	137950000	2760	138000000
2761	138050000	2768	138400000
2769	138450000	2771	138550000
2772	138600000	2776	138800000
2777	138850000	2780	139000000
2781	139050000	2786	139300000
2787	139350000	2801	140050000
2802	140100000	2819	140950000
2820	141000000	2821	141050000
2822	141100000	2826	141300000
2827	141350000	2832	141600000
2833	141650000	2835	141750000
2836	141800000	2838	141900000
2839	141950000	2839	141950000
2840	142000000	2842	142100000
2843	142150000	2853	142650000
2854	142700000	2857	142850000
2858	142900000	2858	142900000
2859	142950000	2869	143450000
2870	143500000	2871	143550000
2872	143600000	2881	144050000
2882	144100000	2883	144150000
2884	144200000	2891	144550000
2892	144600000	2899	144950000
2900	145000000	2913	145650000
2914	145700000	2920	146000000
2921	146050000	2936	146800000
2937	146850000	2949	147450000
2950	147500000	2962	148100000
2963	148150000	2971	148550000
2972	148600000	2980	149000000
2981	149050000	2989	149450000
2990	149500000	2990	149500000
2991	149550000	2996	149800000
2997	149850000	3001	150050000
3002	150100000	3008	150400000
3009	150450000	3017	150850000
3018	150900000	3019	150950000
3020	151000000	3027	151350000
3028	151400000	3033	151650000
3034	151700000	3042	152100000
3043	152150000	3048	152400000
3049	152450000	3054	152700000
3055	152750000	3061	153050000
3062	153100000	3070	153500000
3071	153550000	3073	153650000
3074	153700000	3082	154100000
3083	154150000	3084	154200000
3085	154250000	3093	154650000
3094	154700000	3097	154850000
3098	154900000	3104	155200000
3105	155250000	3106	155300000
3107	155350000	3111	155550000
3112	155600000	3131	156550000
3132	156600000	3141	157050000
3142	157100000	3146	157300000
3147	157350000	3154	157700000
3155	157750000	3156	157800000
3157	157850000	3164	158200000
3165	158250000	3173	158650000
3174	158700000	3174	158700000
3175	158750000	3180	159000000
3181	159050000	3183	159150000
3184	159200000	3184	159200000
3185	159250000	3193	159650000
3194	159700000	3202	160100000
3203	160150000	3211	160550000
3212	160600000	3214	160700000
3215	160750000	3220	161000000
3221	161050000	3228	161400000
3229	161450000	3246	162300000
3247	162350000	3249	162450000
3250	162500000	3268	163400000
3269	163450000	3271	163550000
3272	163600000	3280	164000000
3281	164050000	3283	164150000
3284	164200000	3292	164600000
3293	164650000	3296	164800000
3305	165250000	3306	165300000
3308	165400000	3316	165800000
3317	165850000	3321	166050000
3322	166100000	3327	166350000
3328	166400000	3335	166750000
3336	166800000	3340	167000000
3341	167050000	3343	167150000
3344	167200000	3348	167400000
3349	167450000	3359	167950000
3360	168000000	3378	168900000
3379	168950000	3379	168950000
3380	169000000	3391	169550000
3392	169600000	3396	169800000
3397	169850000	3405	170250000
3406	170300000	3409	170450000
