10	500000	34	1700000
35	1750000	39	1950000
58	2900000	59	2950000
60	3000000	62	3100000
63	3150000	70	3500000
119	5950000	128	6400000
129	6450000	136	6800000
137	6850000	138	6900000
171	8550000	175	8750000
176	8800000	180	9000000
181	9050000	188	9400000
189	9450000	197	9850000
198	9900000	199	9950000
200	10000000	208	10400000
209	10450000	211	10550000
212	10600000	217	10850000
218	10900000	220	11000000
221	11050000	226	11300000
227	11350000	229	11450000
230	11500000	230	11500000
231	11550000	233	11650000
234	11700000	234	11700000
235	11750000	236	11800000
257	12850000	257	12850000
258	12900000	261	13050000
262	13100000	269	13450000
341	17050000	346	17300000
347	17350000	356	17800000
357	17850000	359	17950000
360	18000000	360	18000000
361	18050000	363	18150000
364	18200000	372	18600000
373	18650000	378	18900000
379	18950000	387	19350000
388	19400000	393	19650000
394	19700000	397	19850000
398	19900000	403	20150000
404	20200000	404	20200000
405	20250000	408	20400000
409	20450000	420	21000000
421	21050000	437	21850000
438	21900000	438	21900000
439	21950000	444	22200000
445	22250000	447	22350000
448	22400000	450	22500000
451	22550000	452	22600000
453	22650000	459	22950000
460	23000000	461	23050000
462	23100000	469	23450000
470	23500000	475	23750000
476	23800000	484	24200000
485	24250000	489	24450000
490	24500000	496	24800000
497	24850000	503	25150000
504	25200000	511	25550000
512	25600000	523	26150000
524	26200000	532	26600000
533	26650000	534	26700000
535	26750000	545	27250000
546	27300000	547	27350000
548	27400000	550	27500000
551	27550000	556	27800000
557	27850000	557	27850000
558	27900000	561	28050000
562	28100000	565	28250000
566	28300000	567	28350000
568	28400000	572	28600000
573	28650000	576	28800000
577	28850000	581	29050000
582	29100000	586	29300000
587	29350000	595	29750000
596	29800000	600	30000000
601	30050000	603	30150000
604	30200000	604	30200000
605	30250000	612	30600000
613	30650000	613	30650000
614	30700000	617	30850000
618	30900000	624	31200000
625	31250000	650	32500000
651	32550000	661	33050000
662	33100000	671	33550000
672	33600000	672	33600000
673	33650000	704	35200000
705	35250000	707	35350000
708	35400000	728	36400000
729	36450000	731	36550000
732	36600000	737	36850000
738	36900000	746	37300000
747	37350000	755	37750000
756	37800000	758	37900000
759	37950000	763	38150000
764	38200000	768	38400000
769	38450000	775	38750000
776	38800000	776	38800000
777	38850000	780	39000000
781	39050000	787	39350000
788	39400000	791	39550000
792	39600000	796	39800000
797	39850000	799	39950000
800	40000000	800	40000000
801	40050000	805	40250000
806	40300000	820	41000000
821	41050000	829	41450000
830	41500000	836	41800000
837	41850000	839	41950000
840	42000000	843	42150000
844	42200000	847	42350000
848	42400000	848	42400000
849	42450000	853	42650000
854	42700000	855	42750000
856	42800000	862	43100000
863	43150000	865	43250000
938	46900000	945	47250000
946	47300000	955	47750000
956	47800000	960	48000000
961	48050000	965	48250000
966	48300000	978	48900000
979	48950000	979	48950000
980	49000000	987	49350000
988	49400000	1008	50400000
1009	50450000	1011	50550000
1012	50600000	1014	50700000
1015	50750000	1017	50850000
1018	50900000	1031	51550000
1032	51600000	1037	51850000
1038	51900000	1039	51950000
1040	52000000	1041	52050000
1042	52100000	1049	52450000
1050	52500000	1054	52700000
1055	52750000	1059	52950000
1060	53000000	1070	53500000
1071	53550000	1077	53850000
1078	53900000	1083	54150000
1084	54200000	1091	54550000
1092	54600000	1115	55750000
1116	55800000	1117	55850000
1118	55900000	1118	55900000
1119	55950000	1121	56050000
1122	56100000	1125	56250000
1126	56300000	1142	57100000
1143	57150000	1146	57300000
1147	57350000	1148	57400000
1149	57450000	1161	58050000
1162	58100000	1168	58400000
1169	58450000	1174	58700000
1175	58750000	1183	59150000
1184	59200000	1199	59950000
1200	60000000	1200	60000000
1201	60050000	1208	60400000
1209	60450000	1213	60650000
1214	60700000	1222	61100000
1223	61150000	1223	61150000
1224	61200000	1232	61600000
1233	61650000	1235	61750000
1236	61800000	1261	63050000
1262	63100000	1266	63300000
1267	63350000	1280	64000000
1281	64050000	1288	64400000
1289	64450000	1291	64550000
1292	64600000	1297	64850000
1298	64900000	1312	65600000
1313	65650000	1315	65750000
1316	65800000	1319	65950000
1320	66000000	1321	66050000
1322	66100000	1329	66450000
1330	66500000	1333	66650000
1334	66700000	1342	67100000
1343	67150000	1351	67550000
1352	67600000	1356	67800000
1357	67850000	1362	68100000
1363	68150000	1374	68700000
1375	68750000	1392	69600000
1393	69650000	1393	69650000
1394	69700000	1396	69800000
1397	69850000	1400	70000000
1401	70050000	1402	70100000
1403	70150000	1404	70200000
1405	70250000	1405	70250000
1406	70300000	1412	70600000
1413	70650000	1414	70700000
1415	70750000	1416	70800000
1417	70850000	1436	71800000
1437	71850000	1438	71900000
1439	71950000	1440	72000000
1441	72050000	1444	72200000
1445	72250000	1446	72300000
1447	72350000	1458	72900000
1459	72950000	1462	73100000
1463	73150000	1465	73250000
1466	73300000	1473	73650000
1474	73700000	1481	74050000
1482	74100000	1487	74350000
1488	74400000	1497	74850000
1498	74900000	1499	74950000
1500	75000000	1508	75400000
1509	75450000	1516	75800000
1531	76550000	1540	77000000
1562	78100000	1570	78500000
1571	78550000	1573	78650000
1574	78700000	1579	78950000
1580	79000000	1593	79650000
1594	79700000	1601	80050000
1602	80100000	1605	80250000
1606	80300000	1613	80650000
1614	80700000	1619	80950000
1620	81000000	1621	81050000
1622	81100000	1625	81250000
1626	81300000	1633	81650000
1634	81700000	1634	81700000
1635	81750000	1637	81850000
1638	81900000	1642	82100000
1697	84850000	1702	85100000
1703	85150000	1705	85250000
1706	85300000	1707	85350000
1725	86250000	1731	86550000
1732	86600000	1738	86900000
1788	89400000	1794	89700000
1795	89750000	1800	90000000
1801	90050000	1812	90600000
1813	90650000	1819	90950000
1820	91000000	1822	91100000
1823	91150000	1832	91600000
1833	91650000	1841	92050000
1842	92100000	1850	92500000
1851	92550000	1853	92650000
1854	92700000	1873	93650000
1874	93700000	1875	93750000
1876	93800000	1880	94000000
1881	94050000	1888	94400000
1889	94450000	1890	94500000
1891	94550000	1896	94800000
1897	94850000	1905	95250000
1906	95300000	1906	95300000
1907	95350000	1916	95800000
1917	95850000	1924	96200000
1925	96250000	1927	96350000
1928	96400000	1951	97550000
1952	97600000	1954	97700000
1955	97750000	1962	98100000
1963	98150000	1963	98150000
1964	98200000	1970	98500000
1971	98550000	1975	98750000
1976	98800000	1981	99050000
1982	99100000	1988	99400000
1989	99450000	1997	99850000
1998	99900000	2003	100150000
2004	100200000	2005	100250000
2006	100300000	2011	100550000
2012	100600000	2018	100900000
2019	100950000	2026	101300000
2027	101350000	2033	101650000
2034	101700000	2035	101750000
2036	101800000	2044	102200000
2045	102250000	2046	102300000
2047	102350000	2052	102600000
2053	102650000	2054	102700000
2055	102750000	2055	102750000
2056	102800000	2057	102850000
2058	102900000	2061	103050000
2062	103100000	2071	103550000
2072	103600000	2074	103700000
2075	103750000	2083	104150000
2084	104200000	2087	104350000
2088	104400000	2090	104500000
2091	104550000	2092	104600000
2093	104650000	2096	104800000
2097	104850000	2112	105600000
2113	105650000	2115	105750000
2116	105800000	2118	105900000
2119	105950000	2126	106300000
2127	106350000	2132	106600000
2133	106650000	2138	106900000
2139	106950000	2144	107200000
2145	107250000	2147	107350000
2148	107400000	2150	107500000
2151	107550000	2153	107650000
2154	107700000	2156	107800000
2157	107850000	2164	108200000
2165	108250000	2172	108600000
2173	108650000	2178	108900000
2179	108950000	2187	109350000
2188	109400000	2192	109600000
2193	109650000	2197	109850000
2198	109900000	2199	109950000
2277	113850000	2279	113950000
2280	114000000	2283	114150000
2293	114650000	2295	114750000
2296	114800000	2302	115100000
2303	115150000	2314	115700000
2315	115750000	2335	116750000
2336	116800000	2341	117050000
2342	117100000	2346	117300000
2347	117350000	2356	117800000
2357	117850000	2363	118150000
2364	118200000	2368	118400000
2369	118450000	2374	118700000
2375	118750000	2382	119100000
2383	119150000	2389	119450000
2390	119500000	2396	119800000
2397	119850000	2397	119850000
2398	119900000	2402	120100000
2403	120150000	2409	120450000
2410	120500000	2419	120950000
2420	121000000	2424	121200000
2425	121250000	2431	121550000
2432	121600000	2449	122450000
2450	122500000	2450	122500000
2451	122550000	2453	122650000
2454	122700000	2461	123050000
2462	123100000	2468	123400000
2469	123450000	2475	123750000
2476	123800000	2480	124000000
2481	124050000	2489	124450000
2490	124500000	2491	124550000
2492	124600000	2500	125000000
2501	125050000	2504	125200000
2505	125250000	2506	125300000
2507	125350000	2512	125600000
2513	125650000	2514	125700000
2515	125750000	2519	125950000
2520	126000000	2536	126800000
2537	126850000	2543	127150000
2544	127200000	2545	127250000
2546	127300000	2554	127700000
2555	127750000	2568	128400000
2569	128450000	2579	128950000
2580	129000000	2589	129450000
2590	129500000	2596	129800000
2597	129850000	2602	130100000
2603	130150000	2610	130500000
2611	130550000	2624	131200000
2625	131250000	2638	131900000
2639	131950000	2641	132050000
2642	132100000	2648	132400000
2649	132450000	2656	132800000
2657	132850000	2657	132850000
2658	132900000	2665	133250000
2666	133300000	2669	133450000
2670	133500000	2679	133950000
2680	134000000	2689	134450000
2690	134500000	2692	134600000
2693	134650000	2693	134650000
2694	134700000	2695	134750000
2696	134800000	2698	134900000
2699	134950000	2708	135400000
2709	135450000	2724	136200000
2725	136250000	2735	136750000
2736	136800000	2736	136800000
2737	136850000	2739	136950000
2740	137000000	2740	137000000
2741	137050000	2744	137200000
2745	137250000	2775	138750000
2776	138800000	2779	138950000
2780	139000000	2787	139350000
2788	139400000	2793	139650000
2794	139700000	2804	140200000
2805	140250000	2809	140450000
2810	140500000	2813	140650000
2814	140700000	2816	140800000
2817	140850000	2824	141200000
2825	141250000	2828	141400000
2829	141450000	2829	141450000
2830	141500000	2845	142250000
2846	142300000	2847	142350000
2848	142400000	2855	142750000
2856	142800000	2862	143100000
2863	143150000	2865	143250000
2866	143300000	2872	143600000
2873	143650000	2879	143950000
2880	144000000	2881	144050000
2882	144100000	2884	144200000
2885	144250000	2891	144550000
2892	144600000	2894	144700000
2895	144750000	2900	145000000
