2	100000	3	150000
4	200000	7	350000
8	400000	10	500000
11	550000	19	950000
20	1000000	21	1050000
22	1100000	30	1500000
31	1550000	42	2100000
43	2150000	45	2250000
46	2300000	55	2750000
56	2800000	57	2850000
58	2900000	64	3200000
65	3250000	67	3350000
68	3400000	74	3700000
75	3750000	85	4250000
86	4300000	87	4350000
88	4400000	94	4700000
95	4750000	97	4850000
98	4900000	101	5050000
102	5100000	109	5450000
110	5500000	111	5550000
112	5600000	114	5700000
115	5750000	116	5800000
117	5850000	121	6050000
122	6100000	127	6350000
128	6400000	132	6600000
133	6650000	136	6800000
137	6850000	151	7550000
152	7600000	164	8200000
165	8250000	190	9500000
191	9550000	199	9950000
200	10000000	207	10350000
208	10400000	253	12650000
254	12700000	262	13100000
263	13150000	268	13400000
269	13450000	289	14450000
290	14500000	296	14800000
297	14850000	304	15200000
305	15250000	313	15650000
314	15700000	316	15800000
317	15850000	323	16150000
324	16200000	333	16650000
334	16700000	339	16950000
340	17000000	350	17500000
351	17550000	356	17800000
357	17850000	365	18250000
366	18300000	371	18550000
372	18600000	381	19050000
382	19100000	388	19400000
389	19450000	390	19500000
391	19550000	398	19900000
399	19950000	407	20350000
408	20400000	420	21000000
421	21050000	423	21150000
424	21200000	428	21400000
429	21450000	436	21800000
437	21850000	441	22050000
442	22100000	453	22650000
454	22700000	527	26350000
528	26400000	534	26700000
535	26750000	538	26900000
539	26950000	539	26950000
540	27000000	546	27300000
547	27350000	551	27550000
552	27600000	553	27650000
554	27700000	624	31200000
625	31250000	633	31650000
634	31700000	647	32350000
648	32400000	652	32600000
653	32650000	660	33000000
661	33050000	661	33050000
662	33100000	665	33250000
666	33300000	671	33550000
672	33600000	673	33650000
674	33700000	678	33900000
679	33950000	687	34350000
688	34400000	688	34400000
689	34450000	693	34650000
694	34700000	702	35100000
703	35150000	711	35550000
712	35600000	718	35900000
719	35950000	724	36200000
725	36250000	728	36400000
729	36450000	732	36600000
733	36650000	740	37000000
741	37050000	748	37400000
749	37450000	749	37450000
750	37500000	758	37900000
759	37950000	768	38400000
769	38450000	774	38700000
1373	68650000	1379	68950000
1380	69000000	1381	69050000
1382	69100000	1385	69250000
1386	69300000	1393	69650000
1394	69700000	1399	69950000
1400	70000000	1405	70250000
1406	70300000	1413	70650000
1414	70700000	1437	71850000
1438	71900000	1440	72000000
1441	72050000	1445	72250000
1446	72300000	1450	72500000
1451	72550000	1458	72900000
1459	72950000	1463	73150000
1464	73200000	1472	73600000
1473	73650000	1479	73950000
1480	74000000	1495	74750000
1496	74800000	1502	75100000
1503	75150000	1505	75250000
1506	75300000	1519	75950000
1520	76000000	1528	76400000
1529	76450000	1534	76700000
1535	76750000	1535	76750000
1536	76800000	1541	77050000
1542	77100000	1544	77200000
1545	77250000	1548	77400000
1549	77450000	1554	77700000
1555	77750000	1563	78150000
1564	78200000	1568	78400000
1569	78450000	1592	79600000
1593	79650000	1601	80050000
1602	80100000	1666	83300000
1667	83350000	1672	83600000
1673	83650000	1678	83900000
1679	83950000	1687	84350000
1688	84400000	1693	84650000
1694	84700000	1695	84750000
1696	84800000	1704	85200000
1705	85250000	1712	85600000
1713	85650000	1716	85800000
1717	85850000	1726	86300000
1727	86350000	1728	86400000
1729	86450000	1747	87350000
1748	87400000	1751	87550000
1752	87600000	1758	87900000
1759	87950000	1767	88350000
1768	88400000	1771	88550000
1772	88600000	1780	89000000
1781	89050000	1786	89300000
1787	89350000	1791	89550000
1792	89600000	1793	89650000
1794	89700000	1803	90150000
1804	90200000	1815	90750000
1816	90800000	1818	90900000
1819	90950000	1829	91450000
1830	91500000	1835	91750000
1836	91800000	1841	92050000
1842	92100000	1842	92100000
1843	92150000	1854	92700000
1855	92750000	1861	93050000
1862	93100000	1862	93100000
1863	93150000	1869	93450000
1870	93500000	1872	93600000
1873	93650000	1880	94000000
1881	94050000	1883	94150000
1884	94200000	1885	94250000
1886	94300000	1893	94650000
1894	94700000	1897	94850000
1898	94900000	1904	95200000
1905	95250000	1910	95500000
1911	95550000	1926	96300000
1927	96350000	1934	96700000
1935	96750000	1937	96850000
1938	96900000	1948	97400000
1949	97450000	1949	97450000
1950	97500000	1953	97650000
1954	97700000	1954	97700000
1955	97750000	1959	97950000
1960	98000000	1961	98050000
1962	98100000	1966	98300000
1967	98350000	1976	98800000
1977	98850000	1979	98950000
1980	99000000	1983	99150000
1984	99200000	1985	99250000
1986	99300000	1996	99800000
1997	99850000	2001	100050000
2002	100100000	2007	100350000
2008	100400000	2013	100650000
2014	100700000	2027	101350000
2028	101400000	2032	101600000
2033	101650000	2095	104750000
2096	104800000	2104	105200000
2105	105250000	2109	105450000
2110	105500000	2116	105800000
2117	105850000	2144	107200000
2145	107250000	2146	107300000
2147	107350000	2149	107450000
2150	107500000	2177	108850000
2178	108900000	2182	109100000
2183	109150000	2191	109550000
2192	109600000	2197	109850000
2198	109900000	2199	109950000
2200	110000000	2200	110000000
2201	110050000	2204	110200000
2205	110250000	2213	110650000
2214	110700000	2225	111250000
2226	111300000	2228	111400000
2229	111450000	2234	111700000
2235	111750000	2239	111950000
2240	112000000	2242	112100000
2243	112150000	2246	112300000
2247	112350000	2248	112400000
2249	112450000	2257	112850000
2258	112900000	2261	113050000
2262	113100000	2262	113100000
2263	113150000	2268	113400000
2269	113450000	2274	113700000
2275	113750000	2281	114050000
2282	114100000	2286	114300000
2287	114350000	2288	114400000
2289	114450000	2293	114650000
2294	114700000	2301	115050000
2302	115100000	2311	115550000
2312	115600000	2322	116100000
2323	116150000	2332	116600000
2333	116650000	2334	116700000
2335	116750000	2349	117450000
2350	117500000	2352	117600000
2353	117650000	2387	119350000
2388	119400000	2407	120350000
2408	120400000	2414	120700000
2415	120750000	2423	121150000
2424	121200000	2424	121200000
2425	121250000	2427	121350000
2428	121400000	2431	121550000
2432	121600000	2441	122050000
2442	122100000	2442	122100000
2443	122150000	2448	122400000
2449	122450000	2456	122800000
2457	122850000	2457	122850000
2458	122900000	2460	123000000
2461	123050000	2466	123300000
2467	123350000	2468	123400000
2469	123450000	2470	123500000
2471	123550000	2479	123950000
2480	124000000	2484	124200000
2485	124250000	2493	124650000
2494	124700000	2496	124800000
2497	124850000	2502	125100000
2503	125150000	2508	125400000
2509	125450000	2519	125950000
2520	126000000	2535	126750000
2536	126800000	2538	126900000
2539	126950000	2542	127100000
2543	127150000	2545	127250000
2546	127300000	2549	127450000
2550	127500000	2555	127750000
2556	127800000	2559	127950000
2560	128000000	2560	128000000
2561	128050000	2563	128150000
2564	128200000	2582	129100000
2583	129150000	2583	129150000
2584	129200000	2593	129650000
2594	129700000	2596	129800000
2597	129850000	2600	130000000
2601	130050000	2602	130100000
2603	130150000	2608	130400000
2609	130450000	2614	130700000
2615	130750000	2615	130750000
2616	130800000	2621	131050000
2622	131100000	2623	131150000
2624	131200000	2627	131350000
2628	131400000	2628	131400000
2629	131450000	2632	131600000
2633	131650000	2635	131750000
2636	131800000	2645	132250000
2646	132300000	2648	132400000
2649	132450000	2657	132850000
2658	132900000	2660	133000000
2661	133050000	2663	133150000
2664	133200000	2669	133450000
2670	133500000	2670	133500000
2671	133550000	2675	133750000
2676	133800000	2680	134000000
2681	134050000	2683	134150000
2684	134200000	2689	134450000
2690	134500000	2693	134650000
2694	134700000	2701	135050000
2702	135100000	2710	135500000
2711	135550000	2719	135950000
2720	136000000	2727	136350000
2728	136400000	2732	136600000
2733	136650000	2738	136900000
2739	136950000	2742	137100000
2743	137150000	2745	137250000
2746	137300000	2747	137350000
2748	137400000	2755	137750000
2756	137800000	2761	138050000
