chr	1	ctcf	571	348	0.6148409893992933	2126.567376951858
chr	1	smc3	571	264	0.4647887323943662	2126.567376951858
chr	1	rad21	571	273	0.4823321554770318	2126.567376951858
chr	1	polr2a	571	157	0.2823741007194245	2126.567376951858
chr	1	H3K9me3	571	67	0.11733800350262696	2126.567376951858
chr	1	h3k4me3	571	205	0.37340619307832423	2126.567376951858
chr	1	H3K4me1	571	260	0.4693140794223827	2126.567376951858
chr	1	H3K36me3	571	144	0.2571428571428571	2126.567376951858
chr	2	ctcf	838	830	1.0	1858.3020660815764
chr	2	smc3	838	367	0.44323671497584544	1858.3020660815764
chr	2	rad21	838	833	1.0	1858.3020660815764
chr	2	polr2a	838	217	0.25988023952095807	1858.3020660815764
chr	2	H3K9me3	838	149	0.17780429594272076	1858.3020660815764
chr	2	h3k4me3	838	272	0.33251833740831294	1858.3020660815764
chr	2	H3K4me1	838	365	0.45229244114002476	1858.3020660815764
chr	2	H3K36me3	838	184	0.22062350119904076	1858.3020660815764
chr	3	ctcf	674	387	0.5793413173652695	1978.2652241226058
chr	3	smc3	674	313	0.46646795827123694	1978.2652241226058
chr	3	rad21	674	327	0.48660714285714285	1978.2652241226058
chr	3	polr2a	674	184	0.27421758569299554	1978.2652241226058
chr	3	H3K9me3	674	117	0.1738484398216939	1978.2652241226058
chr	3	h3k4me3	674	227	0.34446130500758726	1978.2652241226058
chr	3	H3K4me1	674	306	0.4707692307692308	1978.2652241226058
chr	3	H3K36me3	674	162	0.24360902255639097	1978.2652241226058
chr	4	ctcf	422	218	0.5165876777251185	1731.5181317917609
chr	4	smc3	422	171	0.4090909090909091	1731.5181317917609
chr	4	rad21	422	183	0.4346793349168646	1731.5181317917609
chr	4	polr2a	422	65	0.15402843601895735	1731.5181317917609
chr	4	H3K9me3	422	41	0.0971563981042654	1731.5181317917609
chr	4	h3k4me3	422	99	0.23684210526315788	1731.5181317917609
chr	4	H3K4me1	422	125	0.2997601918465228	1731.5181317917609
chr	4	H3K36me3	422	61	0.14489311163895488	1731.5181317917609
chr	5	ctcf	390	231	0.5984455958549223	1272.2221669747319
chr	5	smc3	390	190	0.4935064935064935	1272.2221669747319
chr	5	rad21	390	191	0.4948186528497409	1272.2221669747319
chr	5	polr2a	390	86	0.22395833333333334	1272.2221669747319
chr	5	H3K9me3	390	52	0.13333333333333333	1272.2221669747319
chr	5	h3k4me3	390	121	0.31675392670157065	1272.2221669747319
chr	5	H3K4me1	390	160	0.42105263157894735	1272.2221669747319
chr	5	H3K36me3	390	85	0.22077922077922077	1272.2221669747319
chr	6	ctcf	467	281	0.6030042918454935	2556.365637407073
chr	6	smc3	467	240	0.5194805194805194	2556.365637407073
chr	6	rad21	467	242	0.51931330472103	2556.365637407073
chr	6	polr2a	467	116	0.2510822510822511	2556.365637407073
chr	6	H3K9me3	467	88	0.18843683083511778	2556.365637407073
chr	6	h3k4me3	467	164	0.3588621444201313	2556.365637407073
chr	6	H3K4me1	467	205	0.4575892857142857	2556.365637407073
chr	6	H3K36me3	467	101	0.2172043010752688	2556.365637407073
chr	7	ctcf	433	231	0.5347222222222222	1588.2442737971517
chr	7	smc3	433	178	0.41203703703703703	1588.2442737971517
chr	7	rad21	433	186	0.4305555555555556	1588.2442737971517
chr	7	polr2a	433	110	0.2558139534883721	1588.2442737971517
chr	7	H3K9me3	433	67	0.15473441108545036	1588.2442737971517
chr	7	h3k4me3	433	140	0.32941176470588235	1588.2442737971517
chr	7	H3K4me1	433	179	0.42018779342723006	1588.2442737971517
chr	7	H3K36me3	433	92	0.21495327102803738	1588.2442737971517
chr	8	ctcf	374	206	0.5522788203753352	2051.3191584886636
chr	8	smc3	374	168	0.44919786096256686	2051.3191584886636
chr	8	rad21	374	165	0.4435483870967742	2051.3191584886636
chr	8	polr2a	374	88	0.23655913978494625	2051.3191584886636
chr	8	H3K9me3	374	59	0.15775401069518716	2051.3191584886636
chr	8	h3k4me3	374	112	0.30517711171662126	2051.3191584886636
chr	8	H3K4me1	374	161	0.44352617079889806	2051.3191584886636
chr	8	H3K36me3	374	78	0.21195652173913043	2051.3191584886636
chr	9	ctcf	286	282	1.0	1214.0107175577575
chr	9	smc3	286	148	0.5211267605633803	1214.0107175577575
chr	9	rad21	286	147	0.5176056338028169	1214.0107175577575
chr	9	polr2a	286	92	0.32280701754385965	1214.0107175577575
chr	9	H3K9me3	286	49	0.17132867132867133	1214.0107175577575
chr	9	h3k4me3	286	109	0.3906810035842294	1214.0107175577575
chr	9	H3K4me1	286	152	0.5467625899280576	1214.0107175577575
chr	9	H3K36me3	286	81	0.2892857142857143	1214.0107175577575
chr	10	ctcf	450	273	0.610738255033557	2040.799119376019
chr	10	smc3	450	226	0.5044642857142857	2040.799119376019
chr	10	rad21	450	245	0.5456570155902004	2040.799119376019
chr	10	polr2a	450	132	0.2953020134228188	2040.799119376019
chr	10	H3K9me3	450	84	0.18666666666666668	2040.799119376019
chr	10	h3k4me3	450	173	0.3905191873589165	2040.799119376019
chr	10	H3K4me1	450	219	0.5104895104895105	2040.799119376019
chr	10	H3K36me3	450	115	0.257847533632287	2040.799119376019
chr	11	ctcf	310	185	0.5967741935483871	1834.4205823493346
chr	11	smc3	310	154	0.4967741935483871	1834.4205823493346
chr	11	rad21	310	160	0.517799352750809	1834.4205823493346
chr	11	polr2a	310	74	0.23870967741935484	1834.4205823493346
chr	11	H3K9me3	310	34	0.10967741935483871	1834.4205823493346
chr	11	h3k4me3	310	98	0.31921824104234525	1834.4205823493346
chr	11	H3K4me1	310	123	0.40327868852459015	1834.4205823493346
chr	11	H3K36me3	310	80	0.26058631921824105	1834.4205823493346
chr	12	ctcf	307	194	0.6339869281045751	1939.212048762456
chr	12	smc3	307	154	0.5049180327868853	1939.212048762456
chr	12	rad21	307	160	0.5228758169934641	1939.212048762456
chr	12	polr2a	307	80	0.26143790849673204	1939.212048762456
chr	12	H3K9me3	307	38	0.1237785016286645	1939.212048762456
chr	12	h3k4me3	307	102	0.33774834437086093	1939.212048762456
chr	12	H3K4me1	307	205	0.6810631229235881	1939.212048762456
chr	12	H3K36me3	307	182	0.5967213114754099	1939.212048762456
chr	13	ctcf	265	131	0.49433962264150944	1101.8144286711818
chr	13	smc3	265	103	0.3886792452830189	1101.8144286711818
chr	13	rad21	265	120	0.4528301886792453	1101.8144286711818
chr	13	polr2a	265	43	0.1634980988593156	1101.8144286711818
chr	13	H3K9me3	265	33	0.125	1101.8144286711818
chr	13	h3k4me3	265	59	0.22868217054263565	1101.8144286711818
chr	13	H3K4me1	265	96	0.36923076923076925	1101.8144286711818
chr	13	H3K36me3	265	44	0.1660377358490566	1101.8144286711818
chr	14	ctcf	151	92	0.609271523178808	988.4052725517264
chr	14	smc3	151	78	0.52	988.4052725517264
chr	14	rad21	151	81	0.5364238410596026	988.4052725517264
chr	14	polr2a	151	43	0.2847682119205298	988.4052725517264
chr	14	H3K9me3	151	18	0.11920529801324503	988.4052725517264
chr	14	h3k4me3	151	46	0.3108108108108108	988.4052725517264
chr	14	H3K4me1	151	74	0.49333333333333335	988.4052725517264
chr	14	H3K36me3	151	38	0.25165562913907286	988.4052725517264
chr	15	ctcf	156	95	0.6089743589743589	1823.2369592299947
chr	15	smc3	156	76	0.48717948717948717	1823.2369592299947
chr	15	rad21	156	76	0.48717948717948717	1823.2369592299947
chr	15	polr2a	156	46	0.2948717948717949	1823.2369592299947
chr	15	H3K9me3	156	15	0.09615384615384616	1823.2369592299947
chr	15	h3k4me3	156	55	0.35714285714285715	1823.2369592299947
chr	15	H3K4me1	156	68	0.4533333333333333	1823.2369592299947
chr	15	H3K36me3	156	42	0.2692307692307692	1823.2369592299947
chr	16	ctcf	249	248	1.0	1776.6042346446902
chr	16	smc3	249	115	0.4637096774193548	1776.6042346446902
chr	16	rad21	249	119	0.4779116465863454	1776.6042346446902
chr	16	polr2a	249	112	0.4534412955465587	1776.6042346446902
chr	16	H3K9me3	249	32	0.1285140562248996	1776.6042346446902
chr	16	h3k4me3	249	101	0.4279661016949153	1776.6042346446902
chr	16	H3K4me1	249	125	0.5274261603375527	1776.6042346446902
chr	16	H3K36me3	249	91	0.37142857142857144	1776.6042346446902
chr	17	ctcf	224	160	0.7207207207207207	4103.7079704278385
chr	17	smc3	224	131	0.5927601809954751	4103.7079704278385
chr	17	rad21	224	136	0.6126126126126126	4103.7079704278385
chr	17	polr2a	224	99	0.45	4103.7079704278385
chr	17	H3K9me3	224	21	0.09375	4103.7079704278385
chr	17	h3k4me3	224	110	0.5069124423963134	4103.7079704278385
chr	17	H3K4me1	224	134	0.6291079812206573	4103.7079704278385
chr	17	H3K36me3	224	85	0.3811659192825112	4103.7079704278385
chr	18	ctcf	236	128	0.5423728813559322	2006.476199237185
chr	18	smc3	236	105	0.4449152542372881	2006.476199237185
chr	18	rad21	236	112	0.4745762711864407	2006.476199237185
chr	18	polr2a	236	50	0.21367521367521367	2006.476199237185
chr	18	H3K9me3	236	41	0.17372881355932204	2006.476199237185
chr	18	h3k4me3	236	71	0.3034188034188034	2006.476199237185
chr	18	H3K4me1	236	94	0.4051724137931034	2006.476199237185
chr	18	H3K36me3	236	56	0.23931623931623933	2006.476199237185
chr	19	ctcf	137	101	0.7426470588235294	2366.074636470631
chr	19	smc3	137	86	0.6277372262773723	2366.074636470631
chr	19	rad21	137	81	0.5912408759124088	2366.074636470631
chr	19	polr2a	137	77	0.5746268656716418	2366.074636470631
chr	19	H3K9me3	137	24	0.17518248175182483	2366.074636470631
chr	19	h3k4me3	137	80	0.5970149253731343	2366.074636470631
chr	19	H3K4me1	137	88	0.6616541353383458	2366.074636470631
chr	19	H3K36me3	137	65	0.49242424242424243	2366.074636470631
chr	20	ctcf	195	142	0.7319587628865979	2738.6637033812285
chr	20	smc3	195	123	0.6373056994818653	2738.6637033812285
chr	20	rad21	195	123	0.6373056994818653	2738.6637033812285
chr	20	polr2a	195	71	0.36787564766839376	2738.6637033812285
chr	20	H3K9me3	195	20	0.10256410256410256	2738.6637033812285
chr	20	h3k4me3	195	82	0.4293193717277487	2738.6637033812285
chr	20	H3K4me1	195	99	0.5351351351351351	2738.6637033812285
chr	20	H3K36me3	195	70	0.36082474226804123	2738.6637033812285
chr	21	ctcf	64	33	0.515625	315.28089824021174
chr	21	smc3	64	26	0.40625	315.28089824021174
chr	21	rad21	64	24	0.375	315.28089824021174
chr	21	polr2a	64	22	0.34375	315.28089824021174
chr	21	H3K9me3	64	12	0.1875	315.28089824021174
chr	21	h3k4me3	64	22	0.3492063492063492	315.28089824021174
chr	21	H3K4me1	64	26	0.40625	315.28089824021174
chr	21	H3K36me3	64	10	0.15873015873015872	315.28089824021174
chr	22	ctcf	65	39	0.6	2417.5852460555107
chr	22	smc3	65	28	0.4307692307692308	2417.5852460555107
chr	22	rad21	65	30	0.46153846153846156	2417.5852460555107
chr	22	polr2a	65	25	0.4032258064516129	2417.5852460555107
chr	22	H3K9me3	65	3	0.046153846153846156	2417.5852460555107
chr	22	h3k4me3	65	17	0.29310344827586204	2417.5852460555107
chr	22	H3K4me1	65	36	0.5806451612903226	2417.5852460555107
chr	22	H3K36me3	65	24	0.39344262295081966	2417.5852460555107
