chr	1	ctcf	265	165	0.6273764258555133	314.13969362125965
chr	1	smc3	265	140	0.532319391634981	314.13969362125965
chr	1	rad21	265	137	0.5229007633587787	314.13969362125965
chr	1	polr2a	265	89	0.3449612403100775	314.13969362125965
chr	1	H3K9me3	265	35	0.1320754716981132	314.13969362125965
chr	1	h3k4me3	265	110	0.4296875	314.13969362125965
chr	1	H3K4me1	265	144	0.5581395348837209	314.13969362125965
chr	1	H3K36me3	265	73	0.2786259541984733	314.13969362125965
chr	2	ctcf	211	211	1.0	508.78066096619625
chr	2	smc3	211	109	0.5190476190476191	508.78066096619625
chr	2	rad21	211	209	1.0	508.78066096619625
chr	2	polr2a	211	54	0.2571428571428571	508.78066096619625
chr	2	H3K9me3	211	32	0.15165876777251186	508.78066096619625
chr	2	h3k4me3	211	67	0.32057416267942584	508.78066096619625
chr	2	H3K4me1	211	89	0.4320388349514563	508.78066096619625
chr	2	H3K36me3	211	44	0.21153846153846154	508.78066096619625
chr	3	ctcf	180	106	0.5888888888888889	433.7790490003039
chr	3	smc3	180	82	0.45555555555555555	433.7790490003039
chr	3	rad21	180	90	0.5	433.7790490003039
chr	3	polr2a	180	51	0.2833333333333333	433.7790490003039
chr	3	H3K9me3	180	34	0.18888888888888888	433.7790490003039
chr	3	h3k4me3	180	64	0.3615819209039548	433.7790490003039
chr	3	H3K4me1	180	80	0.4678362573099415	433.7790490003039
chr	3	H3K36me3	180	46	0.25842696629213485	433.7790490003039
chr	4	ctcf	232	79	0.34051724137931033	602.9271298178362
chr	4	smc3	232	60	0.25862068965517243	602.9271298178362
chr	4	rad21	232	65	0.2801724137931034	602.9271298178362
chr	4	polr2a	232	24	0.10344827586206896	602.9271298178362
chr	4	H3K9me3	232	13	0.05603448275862069	602.9271298178362
chr	4	h3k4me3	232	30	0.12987012987012986	602.9271298178362
chr	4	H3K4me1	232	50	0.21551724137931033	602.9271298178362
chr	4	H3K36me3	232	13	0.05603448275862069	602.9271298178362
chr	5	ctcf	149	86	0.5850340136054422	492.2670635430451
chr	5	smc3	149	74	0.4966442953020134	492.2670635430451
chr	5	rad21	149	78	0.5234899328859061	492.2670635430451
chr	5	polr2a	149	38	0.2602739726027397	492.2670635430451
chr	5	H3K9me3	149	15	0.10067114093959731	492.2670635430451
chr	5	h3k4me3	149	54	0.375	492.2670635430451
chr	5	H3K4me1	149	72	0.48322147651006714	492.2670635430451
chr	5	H3K36me3	149	37	0.2483221476510067	492.2670635430451
chr	6	ctcf	256	126	0.49606299212598426	1056.7348979565777
chr	6	smc3	256	97	0.37890625	1056.7348979565777
chr	6	rad21	256	102	0.4	1056.7348979565777
chr	6	polr2a	256	56	0.21875	1056.7348979565777
chr	6	H3K9me3	256	38	0.1484375	1056.7348979565777
chr	6	h3k4me3	256	81	0.32142857142857145	1056.7348979565777
chr	6	H3K4me1	256	95	0.38306451612903225	1056.7348979565777
chr	6	H3K36me3	256	47	0.18503937007874016	1056.7348979565777
chr	7	ctcf	135	76	0.5714285714285714	441.7896021843582
chr	7	smc3	135	68	0.5037037037037037	441.7896021843582
chr	7	rad21	135	67	0.4962962962962963	441.7896021843582
chr	7	polr2a	135	42	0.3157894736842105	441.7896021843582
chr	7	H3K9me3	135	28	0.2074074074074074	441.7896021843582
chr	7	h3k4me3	135	42	0.3230769230769231	441.7896021843582
chr	7	H3K4me1	135	63	0.4772727272727273	441.7896021843582
chr	7	H3K36me3	135	36	0.26865671641791045	441.7896021843582
chr	8	ctcf	164	66	0.4024390243902439	771.6043432381199
chr	8	smc3	164	48	0.2926829268292683	771.6043432381199
chr	8	rad21	164	51	0.31097560975609756	771.6043432381199
chr	8	polr2a	164	28	0.17073170731707318	771.6043432381199
chr	8	H3K9me3	164	18	0.10975609756097561	771.6043432381199
chr	8	h3k4me3	164	34	0.2073170731707317	771.6043432381199
chr	8	H3K4me1	164	46	0.2857142857142857	771.6043432381199
chr	8	H3K36me3	164	18	0.10975609756097561	771.6043432381199
chr	9	ctcf	122	122	1.0	214.00785674469736
chr	9	smc3	122	60	0.4918032786885246	214.00785674469736
chr	9	rad21	122	60	0.4918032786885246	214.00785674469736
chr	9	polr2a	122	38	0.3114754098360656	214.00785674469736
chr	9	H3K9me3	122	15	0.12295081967213115	214.00785674469736
chr	9	h3k4me3	122	43	0.3524590163934426	214.00785674469736
chr	9	H3K4me1	122	54	0.45	214.00785674469736
chr	9	H3K36me3	122	27	0.2231404958677686	214.00785674469736
chr	10	ctcf	129	77	0.6062992125984252	422.50479560618925
chr	10	smc3	129	62	0.4806201550387597	422.50479560618925
chr	10	rad21	129	65	0.5038759689922481	422.50479560618925
chr	10	polr2a	129	30	0.234375	422.50479560618925
chr	10	H3K9me3	129	14	0.10852713178294573	422.50479560618925
chr	10	h3k4me3	129	43	0.3359375	422.50479560618925
chr	10	H3K4me1	129	59	0.4609375	422.50479560618925
chr	10	H3K36me3	129	33	0.2558139534883721	422.50479560618925
chr	11	ctcf	128	85	0.6640625	243.46601093999794
chr	11	smc3	128	70	0.546875	243.46601093999794
chr	11	rad21	128	68	0.53125	243.46601093999794
chr	11	polr2a	128	38	0.296875	243.46601093999794
chr	11	H3K9me3	128	17	0.1328125	243.46601093999794
chr	11	h3k4me3	128	42	0.328125	243.46601093999794
chr	11	H3K4me1	128	62	0.49206349206349204	243.46601093999794
chr	11	H3K36me3	128	34	0.265625	243.46601093999794
chr	12	ctcf	165	107	0.6524390243902439	826.3310253907584
chr	12	smc3	165	88	0.5398773006134969	826.3310253907584
chr	12	rad21	165	96	0.5853658536585366	826.3310253907584
chr	12	polr2a	165	53	0.3212121212121212	826.3310253907584
chr	12	H3K9me3	165	20	0.12121212121212122	826.3310253907584
chr	12	h3k4me3	165	62	0.3803680981595092	826.3310253907584
chr	12	H3K4me1	165	111	0.69375	826.3310253907584
chr	12	H3K36me3	165	85	0.5151515151515151	826.3310253907584
chr	13	ctcf	80	38	0.4810126582278481	256.59028188155935
chr	13	smc3	80	33	0.4125	256.59028188155935
chr	13	rad21	80	36	0.45	256.59028188155935
chr	13	polr2a	80	22	0.275	256.59028188155935
chr	13	H3K9me3	80	11	0.1375	256.59028188155935
chr	13	h3k4me3	80	26	0.325	256.59028188155935
chr	13	H3K4me1	80	31	0.3924050632911392	256.59028188155935
chr	13	H3K36me3	80	12	0.15	256.59028188155935
chr	14	ctcf	106	57	0.5377358490566038	221.89443725497782
chr	14	smc3	106	52	0.49523809523809526	221.89443725497782
chr	14	rad21	106	52	0.49056603773584906	221.89443725497782
chr	14	polr2a	106	27	0.2571428571428571	221.89443725497782
chr	14	H3K9me3	106	23	0.2169811320754717	221.89443725497782
chr	14	h3k4me3	106	42	0.39622641509433965	221.89443725497782
chr	14	H3K4me1	106	52	0.49056603773584906	221.89443725497782
chr	14	H3K36me3	106	23	0.2169811320754717	221.89443725497782
chr	15	ctcf	106	58	0.5471698113207547	108.4165942786737
chr	15	smc3	106	48	0.45714285714285713	108.4165942786737
chr	15	rad21	106	48	0.4528301886792453	108.4165942786737
chr	15	polr2a	106	26	0.24761904761904763	108.4165942786737
chr	15	H3K9me3	106	8	0.07547169811320754	108.4165942786737
chr	15	h3k4me3	106	35	0.33980582524271846	108.4165942786737
chr	15	H3K4me1	106	46	0.45098039215686275	108.4165942786737
chr	15	H3K36me3	106	20	0.18867924528301888	108.4165942786737
chr	16	ctcf	98	98	1.0	585.6870957528331
chr	16	smc3	98	51	0.5204081632653061	585.6870957528331
chr	16	rad21	98	47	0.47959183673469385	585.6870957528331
chr	16	polr2a	98	41	0.422680412371134	585.6870957528331
chr	16	H3K9me3	98	12	0.12244897959183673	585.6870957528331
chr	16	h3k4me3	98	42	0.4421052631578947	585.6870957528331
chr	16	H3K4me1	98	47	0.5	585.6870957528331
chr	16	H3K36me3	98	36	0.375	585.6870957528331
chr	17	ctcf	132	84	0.6363636363636364	1060.8322092239982
chr	17	smc3	132	64	0.48484848484848486	1060.8322092239982
chr	17	rad21	132	64	0.48854961832061067	1060.8322092239982
chr	17	polr2a	132	57	0.44881889763779526	1060.8322092239982
chr	17	H3K9me3	132	14	0.10606060606060606	1060.8322092239982
chr	17	h3k4me3	132	65	0.5158730158730159	1060.8322092239982
chr	17	H3K4me1	132	80	0.6451612903225806	1060.8322092239982
chr	17	H3K36me3	132	47	0.373015873015873	1060.8322092239982
chr	18	ctcf	67	32	0.47761194029850745	435.3366735121064
chr	18	smc3	67	30	0.44776119402985076	435.3366735121064
chr	18	rad21	67	33	0.4925373134328358	435.3366735121064
chr	18	polr2a	67	11	0.16417910447761194	435.3366735121064
chr	18	H3K9me3	67	7	0.1044776119402985	435.3366735121064
chr	18	h3k4me3	67	19	0.2835820895522388	435.3366735121064
chr	18	H3K4me1	67	24	0.3582089552238806	435.3366735121064
chr	18	H3K36me3	67	13	0.19402985074626866	435.3366735121064
chr	19	ctcf	81	57	0.7037037037037037	1800.4617232279513
chr	19	smc3	81	46	0.5679012345679012	1800.4617232279513
chr	19	rad21	81	41	0.5061728395061729	1800.4617232279513
chr	19	polr2a	81	47	0.5802469135802469	1800.4617232279513
chr	19	H3K9me3	81	21	0.2625	1800.4617232279513
chr	19	h3k4me3	81	47	0.5949367088607594	1800.4617232279513
chr	19	H3K4me1	81	45	0.5769230769230769	1800.4617232279513
chr	19	H3K36me3	81	37	0.46835443037974683	1800.4617232279513
chr	20	ctcf	61	40	0.6557377049180327	573.9325569831087
chr	20	smc3	61	35	0.5737704918032787	573.9325569831087
chr	20	rad21	61	30	0.4918032786885246	573.9325569831087
chr	20	polr2a	61	27	0.4426229508196721	573.9325569831087
chr	20	H3K9me3	61	8	0.13114754098360656	573.9325569831087
chr	20	h3k4me3	61	26	0.4262295081967213	573.9325569831087
chr	20	H3K4me1	61	28	0.45901639344262296	573.9325569831087
chr	20	H3K36me3	61	24	0.4	573.9325569831087
chr	21	ctcf	56	21	0.375	552.8815811234222
chr	21	smc3	56	17	0.30357142857142855	552.8815811234222
chr	21	rad21	56	14	0.25	552.8815811234222
chr	21	polr2a	56	13	0.23214285714285715	552.8815811234222
chr	21	H3K9me3	56	8	0.14285714285714285	552.8815811234222
chr	21	h3k4me3	56	16	0.2857142857142857	552.8815811234222
chr	21	H3K4me1	56	17	0.30357142857142855	552.8815811234222
chr	21	H3K36me3	56	9	0.16071428571428573	552.8815811234222
chr	22	ctcf	62	35	0.5645161290322581	199.60507318030915
chr	22	smc3	62	28	0.45161290322580644	199.60507318030915
chr	22	rad21	62	29	0.46774193548387094	199.60507318030915
chr	22	polr2a	62	27	0.43548387096774194	199.60507318030915
chr	22	H3K9me3	62	6	0.0967741935483871	199.60507318030915
chr	22	h3k4me3	62	26	0.4262295081967213	199.60507318030915
chr	22	H3K4me1	62	31	0.5254237288135594	199.60507318030915
chr	22	H3K36me3	62	21	0.3387096774193548	199.60507318030915
