0.000000000000000000e+00
0.000000000000000000e+00
0.000000000000000000e+00
0.000000000000000000e+00
0.000000000000000000e+00
0.000000000000000000e+00
0.000000000000000000e+00
0.000000000000000000e+00
0.000000000000000000e+00
0.000000000000000000e+00
0.000000000000000000e+00
0.000000000000000000e+00
0.000000000000000000e+00
0.000000000000000000e+00
0.000000000000000000e+00
0.000000000000000000e+00
0.000000000000000000e+00
0.000000000000000000e+00
0.000000000000000000e+00
0.000000000000000000e+00
0.000000000000000000e+00
0.000000000000000000e+00
0.000000000000000000e+00
0.000000000000000000e+00
0.000000000000000000e+00
0.000000000000000000e+00
0.000000000000000000e+00
0.000000000000000000e+00
2.800000000000000000e+01
2.900000000000000000e+01
2.900000000000000000e+01
3.100000000000000000e+01
3.200000000000000000e+01
3.300000000000000000e+01
3.300000000000000000e+01
3.500000000000000000e+01
3.500000000000000000e+01
3.500000000000000000e+01
3.500000000000000000e+01
3.500000000000000000e+01
3.500000000000000000e+01
4.100000000000000000e+01
4.100000000000000000e+01
4.300000000000000000e+01
4.300000000000000000e+01
4.300000000000000000e+01
4.600000000000000000e+01
4.700000000000000000e+01
4.700000000000000000e+01
4.700000000000000000e+01
4.700000000000000000e+01
4.700000000000000000e+01
4.700000000000000000e+01
4.700000000000000000e+01
4.700000000000000000e+01
4.700000000000000000e+01
4.700000000000000000e+01
4.700000000000000000e+01
4.700000000000000000e+01
4.700000000000000000e+01
4.700000000000000000e+01
4.700000000000000000e+01
4.700000000000000000e+01
4.700000000000000000e+01
4.700000000000000000e+01
4.700000000000000000e+01
4.700000000000000000e+01
4.700000000000000000e+01
4.700000000000000000e+01
4.700000000000000000e+01
4.700000000000000000e+01
4.700000000000000000e+01
4.700000000000000000e+01
4.700000000000000000e+01
4.700000000000000000e+01
4.700000000000000000e+01
4.700000000000000000e+01
4.700000000000000000e+01
4.700000000000000000e+01
4.700000000000000000e+01
4.700000000000000000e+01
4.700000000000000000e+01
4.700000000000000000e+01
4.700000000000000000e+01
4.700000000000000000e+01
4.700000000000000000e+01
4.700000000000000000e+01
4.700000000000000000e+01
4.700000000000000000e+01
4.700000000000000000e+01
4.700000000000000000e+01
9.100000000000000000e+01
9.200000000000000000e+01
9.200000000000000000e+01
9.200000000000000000e+01
9.200000000000000000e+01
9.200000000000000000e+01
9.200000000000000000e+01
9.200000000000000000e+01
9.200000000000000000e+01
9.200000000000000000e+01
9.200000000000000000e+01
1.020000000000000000e+02
1.030000000000000000e+02
1.040000000000000000e+02
1.050000000000000000e+02
1.050000000000000000e+02
1.050000000000000000e+02
1.050000000000000000e+02
1.050000000000000000e+02
1.050000000000000000e+02
1.050000000000000000e+02
1.050000000000000000e+02
1.050000000000000000e+02
1.050000000000000000e+02
1.050000000000000000e+02
1.050000000000000000e+02
1.050000000000000000e+02
1.050000000000000000e+02
1.190000000000000000e+02
1.200000000000000000e+02
1.200000000000000000e+02
1.200000000000000000e+02
1.200000000000000000e+02
1.240000000000000000e+02
1.250000000000000000e+02
1.250000000000000000e+02
1.250000000000000000e+02
1.280000000000000000e+02
1.290000000000000000e+02
1.290000000000000000e+02
1.290000000000000000e+02
1.290000000000000000e+02
1.290000000000000000e+02
1.290000000000000000e+02
1.290000000000000000e+02
1.360000000000000000e+02
1.370000000000000000e+02
1.380000000000000000e+02
1.390000000000000000e+02
1.390000000000000000e+02
1.390000000000000000e+02
1.390000000000000000e+02
1.390000000000000000e+02
1.390000000000000000e+02
1.390000000000000000e+02
1.390000000000000000e+02
1.390000000000000000e+02
1.390000000000000000e+02
1.390000000000000000e+02
1.390000000000000000e+02
1.390000000000000000e+02
1.390000000000000000e+02
1.390000000000000000e+02
1.390000000000000000e+02
1.390000000000000000e+02
1.390000000000000000e+02
1.390000000000000000e+02
1.390000000000000000e+02
1.390000000000000000e+02
1.390000000000000000e+02
1.390000000000000000e+02
1.390000000000000000e+02
1.390000000000000000e+02
1.390000000000000000e+02
1.390000000000000000e+02
1.390000000000000000e+02
1.670000000000000000e+02
1.680000000000000000e+02
1.680000000000000000e+02
1.700000000000000000e+02
1.700000000000000000e+02
1.700000000000000000e+02
1.730000000000000000e+02
1.740000000000000000e+02
1.750000000000000000e+02
1.750000000000000000e+02
1.750000000000000000e+02
1.750000000000000000e+02
1.750000000000000000e+02
1.750000000000000000e+02
1.750000000000000000e+02
1.750000000000000000e+02
1.750000000000000000e+02
1.750000000000000000e+02
1.750000000000000000e+02
1.750000000000000000e+02
1.750000000000000000e+02
1.750000000000000000e+02
1.750000000000000000e+02
1.750000000000000000e+02
1.750000000000000000e+02
1.920000000000000000e+02
1.920000000000000000e+02
1.940000000000000000e+02
1.940000000000000000e+02
1.940000000000000000e+02
1.940000000000000000e+02
1.940000000000000000e+02
1.940000000000000000e+02
1.940000000000000000e+02
1.940000000000000000e+02
1.940000000000000000e+02
1.940000000000000000e+02
1.940000000000000000e+02
1.940000000000000000e+02
1.940000000000000000e+02
2.070000000000000000e+02
2.080000000000000000e+02
2.080000000000000000e+02
2.080000000000000000e+02
2.080000000000000000e+02
2.080000000000000000e+02
2.080000000000000000e+02
2.080000000000000000e+02
2.080000000000000000e+02
2.080000000000000000e+02
2.080000000000000000e+02
2.080000000000000000e+02
2.080000000000000000e+02
2.080000000000000000e+02
2.080000000000000000e+02
2.080000000000000000e+02
2.080000000000000000e+02
2.080000000000000000e+02
2.080000000000000000e+02
2.260000000000000000e+02
2.270000000000000000e+02
2.270000000000000000e+02
2.270000000000000000e+02
2.270000000000000000e+02
2.310000000000000000e+02
2.320000000000000000e+02
2.320000000000000000e+02
2.320000000000000000e+02
2.320000000000000000e+02
2.320000000000000000e+02
2.320000000000000000e+02
2.320000000000000000e+02
2.320000000000000000e+02
2.400000000000000000e+02
2.410000000000000000e+02
2.410000000000000000e+02
2.430000000000000000e+02
2.430000000000000000e+02
2.430000000000000000e+02
2.430000000000000000e+02
2.470000000000000000e+02
2.470000000000000000e+02
2.470000000000000000e+02
2.470000000000000000e+02
2.510000000000000000e+02
2.510000000000000000e+02
2.510000000000000000e+02
2.510000000000000000e+02
2.510000000000000000e+02
2.510000000000000000e+02
2.510000000000000000e+02
2.510000000000000000e+02
2.510000000000000000e+02
2.510000000000000000e+02
2.510000000000000000e+02
2.510000000000000000e+02
2.510000000000000000e+02
2.510000000000000000e+02
2.510000000000000000e+02
2.510000000000000000e+02
2.510000000000000000e+02
2.510000000000000000e+02
2.510000000000000000e+02
2.510000000000000000e+02
2.510000000000000000e+02
2.720000000000000000e+02
2.720000000000000000e+02
2.720000000000000000e+02
2.720000000000000000e+02
2.720000000000000000e+02
2.720000000000000000e+02
2.720000000000000000e+02
2.790000000000000000e+02
2.790000000000000000e+02
2.810000000000000000e+02
2.810000000000000000e+02
2.810000000000000000e+02
2.810000000000000000e+02
2.810000000000000000e+02
2.810000000000000000e+02
2.810000000000000000e+02
2.810000000000000000e+02
2.810000000000000000e+02
2.810000000000000000e+02
2.810000000000000000e+02
2.920000000000000000e+02
2.930000000000000000e+02
2.930000000000000000e+02
2.930000000000000000e+02
2.930000000000000000e+02
2.930000000000000000e+02
2.930000000000000000e+02
2.930000000000000000e+02
2.930000000000000000e+02
2.930000000000000000e+02
2.930000000000000000e+02
2.930000000000000000e+02
2.930000000000000000e+02
2.930000000000000000e+02
2.930000000000000000e+02
2.930000000000000000e+02
2.930000000000000000e+02
2.930000000000000000e+02
2.930000000000000000e+02
2.930000000000000000e+02
2.930000000000000000e+02
2.930000000000000000e+02
2.930000000000000000e+02
2.930000000000000000e+02
2.930000000000000000e+02
2.930000000000000000e+02
2.930000000000000000e+02
2.930000000000000000e+02
2.930000000000000000e+02
2.930000000000000000e+02
2.930000000000000000e+02
2.930000000000000000e+02
2.930000000000000000e+02
3.250000000000000000e+02
3.260000000000000000e+02
3.260000000000000000e+02
3.260000000000000000e+02
3.260000000000000000e+02
3.260000000000000000e+02
3.260000000000000000e+02
3.260000000000000000e+02
3.260000000000000000e+02
3.260000000000000000e+02
3.260000000000000000e+02
3.260000000000000000e+02
3.260000000000000000e+02
3.260000000000000000e+02
3.260000000000000000e+02
3.260000000000000000e+02
3.260000000000000000e+02
3.260000000000000000e+02
3.260000000000000000e+02
3.260000000000000000e+02
3.260000000000000000e+02
3.260000000000000000e+02
3.260000000000000000e+02
3.260000000000000000e+02
3.260000000000000000e+02
3.260000000000000000e+02
3.260000000000000000e+02
3.260000000000000000e+02
3.260000000000000000e+02
3.260000000000000000e+02
3.260000000000000000e+02
3.260000000000000000e+02
3.570000000000000000e+02
3.580000000000000000e+02
3.580000000000000000e+02
3.600000000000000000e+02
3.610000000000000000e+02
3.620000000000000000e+02
3.630000000000000000e+02
3.630000000000000000e+02
3.630000000000000000e+02
3.630000000000000000e+02
3.630000000000000000e+02
3.680000000000000000e+02
3.690000000000000000e+02
3.690000000000000000e+02
3.690000000000000000e+02
3.690000000000000000e+02
3.690000000000000000e+02
3.740000000000000000e+02
3.740000000000000000e+02
3.760000000000000000e+02
3.770000000000000000e+02
3.770000000000000000e+02
3.790000000000000000e+02
3.790000000000000000e+02
3.790000000000000000e+02
3.790000000000000000e+02
3.790000000000000000e+02
3.790000000000000000e+02
3.790000000000000000e+02
3.790000000000000000e+02
3.790000000000000000e+02
3.790000000000000000e+02
3.790000000000000000e+02
3.790000000000000000e+02
3.790000000000000000e+02
3.790000000000000000e+02
3.790000000000000000e+02
3.790000000000000000e+02
3.790000000000000000e+02
3.790000000000000000e+02
3.970000000000000000e+02
3.980000000000000000e+02
3.980000000000000000e+02
3.980000000000000000e+02
3.980000000000000000e+02
3.980000000000000000e+02
3.980000000000000000e+02
3.980000000000000000e+02
3.980000000000000000e+02
4.060000000000000000e+02
4.060000000000000000e+02
4.080000000000000000e+02
4.080000000000000000e+02
4.080000000000000000e+02
4.110000000000000000e+02
4.120000000000000000e+02
4.120000000000000000e+02
4.120000000000000000e+02
4.120000000000000000e+02
4.120000000000000000e+02
4.120000000000000000e+02
4.120000000000000000e+02
4.120000000000000000e+02
4.120000000000000000e+02
4.120000000000000000e+02
4.120000000000000000e+02
4.120000000000000000e+02
4.120000000000000000e+02
4.120000000000000000e+02
4.120000000000000000e+02
4.120000000000000000e+02
4.120000000000000000e+02
4.120000000000000000e+02
4.120000000000000000e+02
4.120000000000000000e+02
4.320000000000000000e+02
4.330000000000000000e+02
4.330000000000000000e+02
4.330000000000000000e+02
4.330000000000000000e+02
4.330000000000000000e+02
4.330000000000000000e+02
4.330000000000000000e+02
4.330000000000000000e+02
4.330000000000000000e+02
4.330000000000000000e+02
4.330000000000000000e+02
4.330000000000000000e+02
4.330000000000000000e+02
4.460000000000000000e+02
4.470000000000000000e+02
4.470000000000000000e+02
4.470000000000000000e+02
4.470000000000000000e+02
4.470000000000000000e+02
4.470000000000000000e+02
4.470000000000000000e+02
4.470000000000000000e+02
4.470000000000000000e+02
4.470000000000000000e+02
4.470000000000000000e+02
4.470000000000000000e+02
4.470000000000000000e+02
4.470000000000000000e+02
4.610000000000000000e+02
4.620000000000000000e+02
4.620000000000000000e+02
4.620000000000000000e+02
4.620000000000000000e+02
4.620000000000000000e+02
4.620000000000000000e+02
4.620000000000000000e+02
4.620000000000000000e+02
4.620000000000000000e+02
4.620000000000000000e+02
4.620000000000000000e+02
4.620000000000000000e+02
4.620000000000000000e+02
4.620000000000000000e+02
4.620000000000000000e+02
4.620000000000000000e+02
4.620000000000000000e+02
4.620000000000000000e+02
4.620000000000000000e+02
4.620000000000000000e+02
4.620000000000000000e+02
4.620000000000000000e+02
4.620000000000000000e+02
4.620000000000000000e+02
4.620000000000000000e+02
4.620000000000000000e+02
4.620000000000000000e+02
4.620000000000000000e+02
4.620000000000000000e+02
4.620000000000000000e+02
4.620000000000000000e+02
4.620000000000000000e+02
4.620000000000000000e+02
4.950000000000000000e+02
4.960000000000000000e+02
4.960000000000000000e+02
4.960000000000000000e+02
4.960000000000000000e+02
4.960000000000000000e+02
4.960000000000000000e+02
4.960000000000000000e+02
4.960000000000000000e+02
4.960000000000000000e+02
4.960000000000000000e+02
4.960000000000000000e+02
4.960000000000000000e+02
4.960000000000000000e+02
4.960000000000000000e+02
4.960000000000000000e+02
4.960000000000000000e+02
4.960000000000000000e+02
4.960000000000000000e+02
4.960000000000000000e+02
4.960000000000000000e+02
4.960000000000000000e+02
4.960000000000000000e+02
4.960000000000000000e+02
4.960000000000000000e+02
4.960000000000000000e+02
4.960000000000000000e+02
4.960000000000000000e+02
5.230000000000000000e+02
5.240000000000000000e+02
5.240000000000000000e+02
5.240000000000000000e+02
5.240000000000000000e+02
5.280000000000000000e+02
5.290000000000000000e+02
5.290000000000000000e+02
5.310000000000000000e+02
5.310000000000000000e+02
5.330000000000000000e+02
5.340000000000000000e+02
5.340000000000000000e+02
5.340000000000000000e+02
5.370000000000000000e+02
5.380000000000000000e+02
5.380000000000000000e+02
5.400000000000000000e+02
5.400000000000000000e+02
5.420000000000000000e+02
5.430000000000000000e+02
5.430000000000000000e+02
5.450000000000000000e+02
5.450000000000000000e+02
5.470000000000000000e+02
5.480000000000000000e+02
5.490000000000000000e+02
5.500000000000000000e+02
5.510000000000000000e+02
5.520000000000000000e+02
5.530000000000000000e+02
5.530000000000000000e+02
5.530000000000000000e+02
5.530000000000000000e+02
5.530000000000000000e+02
5.530000000000000000e+02
5.530000000000000000e+02
5.600000000000000000e+02
5.610000000000000000e+02
5.610000000000000000e+02
5.610000000000000000e+02
5.610000000000000000e+02
5.610000000000000000e+02
5.610000000000000000e+02
5.610000000000000000e+02
5.610000000000000000e+02
5.610000000000000000e+02
5.610000000000000000e+02
5.610000000000000000e+02
5.610000000000000000e+02
5.610000000000000000e+02
5.610000000000000000e+02
5.750000000000000000e+02
5.760000000000000000e+02
5.760000000000000000e+02
5.760000000000000000e+02
5.760000000000000000e+02
5.760000000000000000e+02
5.760000000000000000e+02
5.760000000000000000e+02
5.760000000000000000e+02
5.760000000000000000e+02
5.760000000000000000e+02
5.760000000000000000e+02
5.760000000000000000e+02
5.760000000000000000e+02
5.760000000000000000e+02
5.760000000000000000e+02
5.760000000000000000e+02
5.920000000000000000e+02
5.930000000000000000e+02
5.930000000000000000e+02
5.930000000000000000e+02
5.930000000000000000e+02
5.930000000000000000e+02
5.930000000000000000e+02
5.990000000000000000e+02
6.000000000000000000e+02
6.000000000000000000e+02
6.000000000000000000e+02
6.000000000000000000e+02
6.000000000000000000e+02
6.000000000000000000e+02
6.000000000000000000e+02
6.000000000000000000e+02
6.000000000000000000e+02
6.000000000000000000e+02
6.000000000000000000e+02
6.000000000000000000e+02
6.000000000000000000e+02
6.000000000000000000e+02
6.000000000000000000e+02
6.000000000000000000e+02
6.000000000000000000e+02
6.000000000000000000e+02
6.000000000000000000e+02
6.000000000000000000e+02
6.000000000000000000e+02
6.000000000000000000e+02
6.000000000000000000e+02
6.000000000000000000e+02
6.000000000000000000e+02
6.000000000000000000e+02
