0.000000000000000000e+00
0.000000000000000000e+00
0.000000000000000000e+00
0.000000000000000000e+00
0.000000000000000000e+00
0.000000000000000000e+00
0.000000000000000000e+00
0.000000000000000000e+00
0.000000000000000000e+00
0.000000000000000000e+00
0.000000000000000000e+00
0.000000000000000000e+00
0.000000000000000000e+00
0.000000000000000000e+00
0.000000000000000000e+00
0.000000000000000000e+00
0.000000000000000000e+00
0.000000000000000000e+00
0.000000000000000000e+00
0.000000000000000000e+00
0.000000000000000000e+00
0.000000000000000000e+00
0.000000000000000000e+00
0.000000000000000000e+00
0.000000000000000000e+00
0.000000000000000000e+00
0.000000000000000000e+00
0.000000000000000000e+00
2.800000000000000000e+01
2.900000000000000000e+01
2.900000000000000000e+01
2.900000000000000000e+01
2.900000000000000000e+01
2.900000000000000000e+01
2.900000000000000000e+01
2.900000000000000000e+01
2.900000000000000000e+01
2.900000000000000000e+01
2.900000000000000000e+01
2.900000000000000000e+01
2.900000000000000000e+01
4.100000000000000000e+01
4.200000000000000000e+01
4.200000000000000000e+01
4.200000000000000000e+01
4.200000000000000000e+01
4.600000000000000000e+01
4.700000000000000000e+01
4.700000000000000000e+01
4.700000000000000000e+01
4.700000000000000000e+01
4.700000000000000000e+01
4.700000000000000000e+01
4.700000000000000000e+01
4.700000000000000000e+01
4.700000000000000000e+01
4.700000000000000000e+01
4.700000000000000000e+01
4.700000000000000000e+01
4.700000000000000000e+01
4.700000000000000000e+01
4.700000000000000000e+01
4.700000000000000000e+01
4.700000000000000000e+01
4.700000000000000000e+01
4.700000000000000000e+01
4.700000000000000000e+01
4.700000000000000000e+01
4.700000000000000000e+01
4.700000000000000000e+01
4.700000000000000000e+01
4.700000000000000000e+01
4.700000000000000000e+01
4.700000000000000000e+01
4.700000000000000000e+01
4.700000000000000000e+01
4.700000000000000000e+01
4.700000000000000000e+01
4.700000000000000000e+01
4.700000000000000000e+01
4.700000000000000000e+01
4.700000000000000000e+01
4.700000000000000000e+01
4.700000000000000000e+01
4.700000000000000000e+01
4.700000000000000000e+01
4.700000000000000000e+01
4.700000000000000000e+01
4.700000000000000000e+01
4.700000000000000000e+01
4.700000000000000000e+01
9.100000000000000000e+01
9.200000000000000000e+01
9.200000000000000000e+01
9.200000000000000000e+01
9.200000000000000000e+01
9.200000000000000000e+01
9.200000000000000000e+01
9.200000000000000000e+01
9.200000000000000000e+01
9.200000000000000000e+01
9.200000000000000000e+01
9.200000000000000000e+01
9.200000000000000000e+01
9.200000000000000000e+01
9.200000000000000000e+01
9.200000000000000000e+01
9.200000000000000000e+01
9.200000000000000000e+01
9.200000000000000000e+01
9.200000000000000000e+01
9.200000000000000000e+01
9.200000000000000000e+01
9.200000000000000000e+01
9.200000000000000000e+01
9.200000000000000000e+01
9.200000000000000000e+01
9.200000000000000000e+01
9.200000000000000000e+01
1.190000000000000000e+02
1.200000000000000000e+02
1.200000000000000000e+02
1.200000000000000000e+02
1.200000000000000000e+02
1.240000000000000000e+02
1.250000000000000000e+02
1.250000000000000000e+02
1.250000000000000000e+02
1.280000000000000000e+02
1.290000000000000000e+02
1.290000000000000000e+02
1.290000000000000000e+02
1.290000000000000000e+02
1.290000000000000000e+02
1.290000000000000000e+02
1.290000000000000000e+02
1.360000000000000000e+02
1.370000000000000000e+02
1.380000000000000000e+02
1.390000000000000000e+02
1.390000000000000000e+02
1.390000000000000000e+02
1.390000000000000000e+02
1.390000000000000000e+02
1.390000000000000000e+02
1.390000000000000000e+02
1.390000000000000000e+02
1.390000000000000000e+02
1.390000000000000000e+02
1.390000000000000000e+02
1.390000000000000000e+02
1.390000000000000000e+02
1.390000000000000000e+02
1.390000000000000000e+02
1.390000000000000000e+02
1.390000000000000000e+02
1.390000000000000000e+02
1.390000000000000000e+02
1.390000000000000000e+02
1.390000000000000000e+02
1.390000000000000000e+02
1.390000000000000000e+02
1.390000000000000000e+02
1.390000000000000000e+02
1.390000000000000000e+02
1.390000000000000000e+02
1.390000000000000000e+02
1.390000000000000000e+02
1.390000000000000000e+02
1.390000000000000000e+02
1.390000000000000000e+02
1.390000000000000000e+02
1.390000000000000000e+02
1.390000000000000000e+02
1.390000000000000000e+02
1.390000000000000000e+02
1.390000000000000000e+02
1.390000000000000000e+02
1.390000000000000000e+02
1.390000000000000000e+02
1.390000000000000000e+02
1.390000000000000000e+02
1.390000000000000000e+02
1.390000000000000000e+02
1.390000000000000000e+02
1.390000000000000000e+02
1.390000000000000000e+02
1.390000000000000000e+02
1.390000000000000000e+02
1.390000000000000000e+02
1.390000000000000000e+02
1.390000000000000000e+02
1.390000000000000000e+02
1.390000000000000000e+02
1.390000000000000000e+02
1.390000000000000000e+02
1.390000000000000000e+02
1.390000000000000000e+02
1.390000000000000000e+02
1.390000000000000000e+02
1.390000000000000000e+02
1.390000000000000000e+02
1.390000000000000000e+02
1.390000000000000000e+02
1.390000000000000000e+02
1.390000000000000000e+02
1.390000000000000000e+02
2.070000000000000000e+02
2.080000000000000000e+02
2.080000000000000000e+02
2.080000000000000000e+02
2.080000000000000000e+02
2.080000000000000000e+02
2.080000000000000000e+02
2.080000000000000000e+02
2.080000000000000000e+02
2.080000000000000000e+02
2.080000000000000000e+02
2.080000000000000000e+02
2.080000000000000000e+02
2.080000000000000000e+02
2.080000000000000000e+02
2.080000000000000000e+02
2.080000000000000000e+02
2.080000000000000000e+02
2.080000000000000000e+02
2.080000000000000000e+02
2.080000000000000000e+02
2.080000000000000000e+02
2.080000000000000000e+02
2.080000000000000000e+02
2.080000000000000000e+02
2.080000000000000000e+02
2.080000000000000000e+02
2.080000000000000000e+02
2.080000000000000000e+02
2.080000000000000000e+02
2.080000000000000000e+02
2.080000000000000000e+02
2.080000000000000000e+02
2.080000000000000000e+02
2.080000000000000000e+02
2.080000000000000000e+02
2.080000000000000000e+02
2.080000000000000000e+02
2.080000000000000000e+02
2.080000000000000000e+02
2.080000000000000000e+02
2.080000000000000000e+02
2.080000000000000000e+02
2.080000000000000000e+02
2.080000000000000000e+02
2.080000000000000000e+02
2.080000000000000000e+02
2.080000000000000000e+02
2.080000000000000000e+02
2.080000000000000000e+02
2.080000000000000000e+02
2.080000000000000000e+02
2.080000000000000000e+02
2.080000000000000000e+02
2.080000000000000000e+02
2.080000000000000000e+02
2.080000000000000000e+02
2.080000000000000000e+02
2.080000000000000000e+02
2.080000000000000000e+02
2.080000000000000000e+02
2.080000000000000000e+02
2.080000000000000000e+02
2.080000000000000000e+02
2.080000000000000000e+02
2.080000000000000000e+02
2.080000000000000000e+02
2.080000000000000000e+02
2.080000000000000000e+02
2.080000000000000000e+02
2.080000000000000000e+02
2.080000000000000000e+02
2.080000000000000000e+02
2.080000000000000000e+02
2.080000000000000000e+02
2.080000000000000000e+02
2.080000000000000000e+02
2.080000000000000000e+02
2.080000000000000000e+02
2.080000000000000000e+02
2.080000000000000000e+02
2.080000000000000000e+02
2.080000000000000000e+02
2.080000000000000000e+02
2.080000000000000000e+02
2.920000000000000000e+02
2.930000000000000000e+02
2.930000000000000000e+02
2.930000000000000000e+02
2.930000000000000000e+02
2.930000000000000000e+02
2.930000000000000000e+02
2.930000000000000000e+02
2.930000000000000000e+02
2.930000000000000000e+02
2.930000000000000000e+02
2.930000000000000000e+02
2.930000000000000000e+02
2.930000000000000000e+02
2.930000000000000000e+02
2.930000000000000000e+02
2.930000000000000000e+02
2.930000000000000000e+02
2.930000000000000000e+02
2.930000000000000000e+02
2.930000000000000000e+02
2.930000000000000000e+02
2.930000000000000000e+02
2.930000000000000000e+02
2.930000000000000000e+02
2.930000000000000000e+02
2.930000000000000000e+02
2.930000000000000000e+02
2.930000000000000000e+02
2.930000000000000000e+02
2.930000000000000000e+02
2.930000000000000000e+02
2.930000000000000000e+02
3.250000000000000000e+02
3.260000000000000000e+02
3.260000000000000000e+02
3.260000000000000000e+02
3.260000000000000000e+02
3.260000000000000000e+02
3.260000000000000000e+02
3.260000000000000000e+02
3.260000000000000000e+02
3.260000000000000000e+02
3.260000000000000000e+02
3.260000000000000000e+02
3.260000000000000000e+02
3.260000000000000000e+02
3.260000000000000000e+02
3.260000000000000000e+02
3.260000000000000000e+02
3.260000000000000000e+02
3.260000000000000000e+02
3.260000000000000000e+02
3.260000000000000000e+02
3.260000000000000000e+02
3.260000000000000000e+02
3.260000000000000000e+02
3.260000000000000000e+02
3.260000000000000000e+02
3.260000000000000000e+02
3.260000000000000000e+02
3.260000000000000000e+02
3.260000000000000000e+02
3.260000000000000000e+02
3.260000000000000000e+02
3.570000000000000000e+02
3.580000000000000000e+02
3.580000000000000000e+02
3.600000000000000000e+02
3.610000000000000000e+02
3.620000000000000000e+02
3.630000000000000000e+02
3.630000000000000000e+02
3.630000000000000000e+02
3.630000000000000000e+02
3.630000000000000000e+02
3.680000000000000000e+02
3.690000000000000000e+02
3.690000000000000000e+02
3.690000000000000000e+02
3.690000000000000000e+02
3.690000000000000000e+02
3.690000000000000000e+02
3.690000000000000000e+02
3.690000000000000000e+02
3.690000000000000000e+02
3.690000000000000000e+02
3.690000000000000000e+02
3.690000000000000000e+02
3.690000000000000000e+02
3.690000000000000000e+02
3.690000000000000000e+02
3.690000000000000000e+02
3.690000000000000000e+02
3.690000000000000000e+02
3.690000000000000000e+02
3.690000000000000000e+02
3.690000000000000000e+02
3.690000000000000000e+02
3.690000000000000000e+02
3.690000000000000000e+02
3.690000000000000000e+02
3.690000000000000000e+02
3.690000000000000000e+02
3.690000000000000000e+02
3.970000000000000000e+02
3.980000000000000000e+02
3.980000000000000000e+02
3.980000000000000000e+02
3.980000000000000000e+02
3.980000000000000000e+02
3.980000000000000000e+02
3.980000000000000000e+02
3.980000000000000000e+02
3.980000000000000000e+02
3.980000000000000000e+02
3.980000000000000000e+02
3.980000000000000000e+02
3.980000000000000000e+02
3.980000000000000000e+02
3.980000000000000000e+02
3.980000000000000000e+02
3.980000000000000000e+02
3.980000000000000000e+02
3.980000000000000000e+02
3.980000000000000000e+02
3.980000000000000000e+02
3.980000000000000000e+02
3.980000000000000000e+02
3.980000000000000000e+02
3.980000000000000000e+02
3.980000000000000000e+02
3.980000000000000000e+02
3.980000000000000000e+02
3.980000000000000000e+02
3.980000000000000000e+02
3.980000000000000000e+02
3.980000000000000000e+02
3.980000000000000000e+02
3.980000000000000000e+02
3.980000000000000000e+02
3.980000000000000000e+02
3.980000000000000000e+02
3.980000000000000000e+02
3.980000000000000000e+02
3.980000000000000000e+02
3.980000000000000000e+02
3.980000000000000000e+02
3.980000000000000000e+02
3.980000000000000000e+02
3.980000000000000000e+02
3.980000000000000000e+02
3.980000000000000000e+02
3.980000000000000000e+02
4.460000000000000000e+02
4.470000000000000000e+02
4.470000000000000000e+02
4.470000000000000000e+02
4.470000000000000000e+02
4.470000000000000000e+02
4.470000000000000000e+02
4.470000000000000000e+02
4.470000000000000000e+02
4.470000000000000000e+02
4.470000000000000000e+02
4.470000000000000000e+02
4.470000000000000000e+02
4.470000000000000000e+02
4.470000000000000000e+02
4.470000000000000000e+02
4.470000000000000000e+02
4.470000000000000000e+02
4.470000000000000000e+02
4.470000000000000000e+02
4.470000000000000000e+02
4.470000000000000000e+02
4.470000000000000000e+02
4.470000000000000000e+02
4.470000000000000000e+02
4.470000000000000000e+02
4.470000000000000000e+02
4.470000000000000000e+02
4.470000000000000000e+02
4.470000000000000000e+02
4.470000000000000000e+02
4.470000000000000000e+02
4.470000000000000000e+02
4.470000000000000000e+02
4.470000000000000000e+02
4.470000000000000000e+02
4.470000000000000000e+02
4.470000000000000000e+02
4.470000000000000000e+02
4.470000000000000000e+02
4.470000000000000000e+02
4.470000000000000000e+02
4.470000000000000000e+02
4.470000000000000000e+02
4.470000000000000000e+02
4.470000000000000000e+02
4.470000000000000000e+02
4.470000000000000000e+02
4.470000000000000000e+02
4.950000000000000000e+02
4.960000000000000000e+02
4.960000000000000000e+02
4.960000000000000000e+02
4.960000000000000000e+02
4.960000000000000000e+02
4.960000000000000000e+02
4.960000000000000000e+02
4.960000000000000000e+02
4.960000000000000000e+02
4.960000000000000000e+02
4.960000000000000000e+02
4.960000000000000000e+02
4.960000000000000000e+02
4.960000000000000000e+02
4.960000000000000000e+02
4.960000000000000000e+02
4.960000000000000000e+02
4.960000000000000000e+02
4.960000000000000000e+02
4.960000000000000000e+02
4.960000000000000000e+02
4.960000000000000000e+02
4.960000000000000000e+02
4.960000000000000000e+02
4.960000000000000000e+02
4.960000000000000000e+02
4.960000000000000000e+02
5.230000000000000000e+02
5.240000000000000000e+02
5.240000000000000000e+02
5.240000000000000000e+02
5.240000000000000000e+02
5.280000000000000000e+02
5.290000000000000000e+02
5.290000000000000000e+02
5.290000000000000000e+02
5.290000000000000000e+02
5.330000000000000000e+02
5.340000000000000000e+02
5.340000000000000000e+02
5.340000000000000000e+02
5.370000000000000000e+02
5.380000000000000000e+02
5.380000000000000000e+02
5.380000000000000000e+02
5.380000000000000000e+02
5.380000000000000000e+02
5.380000000000000000e+02
5.380000000000000000e+02
5.380000000000000000e+02
5.380000000000000000e+02
5.380000000000000000e+02
5.380000000000000000e+02
5.380000000000000000e+02
5.500000000000000000e+02
5.510000000000000000e+02
5.510000000000000000e+02
5.510000000000000000e+02
5.510000000000000000e+02
5.510000000000000000e+02
5.510000000000000000e+02
5.510000000000000000e+02
5.510000000000000000e+02
5.510000000000000000e+02
5.600000000000000000e+02
5.610000000000000000e+02
5.610000000000000000e+02
5.610000000000000000e+02
5.610000000000000000e+02
5.610000000000000000e+02
5.610000000000000000e+02
5.610000000000000000e+02
5.610000000000000000e+02
5.610000000000000000e+02
5.610000000000000000e+02
5.610000000000000000e+02
5.610000000000000000e+02
5.610000000000000000e+02
5.610000000000000000e+02
5.750000000000000000e+02
5.760000000000000000e+02
5.760000000000000000e+02
5.760000000000000000e+02
5.760000000000000000e+02
5.760000000000000000e+02
5.760000000000000000e+02
5.760000000000000000e+02
5.760000000000000000e+02
5.760000000000000000e+02
5.760000000000000000e+02
5.760000000000000000e+02
5.760000000000000000e+02
5.760000000000000000e+02
5.760000000000000000e+02
5.760000000000000000e+02
5.760000000000000000e+02
5.760000000000000000e+02
5.760000000000000000e+02
5.760000000000000000e+02
5.760000000000000000e+02
5.760000000000000000e+02
5.760000000000000000e+02
5.760000000000000000e+02
5.990000000000000000e+02
6.000000000000000000e+02
6.000000000000000000e+02
6.000000000000000000e+02
6.000000000000000000e+02
6.000000000000000000e+02
6.000000000000000000e+02
6.000000000000000000e+02
6.000000000000000000e+02
6.000000000000000000e+02
6.000000000000000000e+02
6.000000000000000000e+02
6.000000000000000000e+02
6.000000000000000000e+02
6.000000000000000000e+02
6.000000000000000000e+02
6.000000000000000000e+02
6.000000000000000000e+02
6.000000000000000000e+02
6.000000000000000000e+02
6.000000000000000000e+02
6.000000000000000000e+02
6.000000000000000000e+02
6.000000000000000000e+02
6.000000000000000000e+02
6.000000000000000000e+02
6.000000000000000000e+02
