	chromsome	methods	AMI	RI	AR	HS	VMS	FMS
chr	22	euclidean	0.095029897	0.490275552	-0.027458171	0.096970545	0.097285774	0.531693768
chr	22	manhattan	0.089757818	0.520525089	0.019203157	0.100219638	0.092223626	0.593803482
chr	22	chebyshev	0.10796064	0.481546001	-0.034268446	0.104389782	0.110066615	0.495670227
chr	21	euclidean	0.025453678	0.52028294	0.076749722	0.034020883	0.028053845	0.561933286
chr	21	manhattan	0.054199949	0.550631038	0.137055638	0.069724311	0.05674825	0.594875028
chr	21	chebyshev	0.023660046	0.511921893	0.01473229	0.026515553	0.02591703	0.456102725
chr	20	euclidean	0.018370161	0.53885306	0.071207997	0.022772816	0.020377635	0.598660191
chr	20	manhattan	0.107478698	0.564224612	0.107328993	0.314633361	0.110395116	0.728786247
chr	20	chebyshev	0.029964309	0.51286764	0.030771997	0.029277068	0.031609946	0.47353721
chr	19	euclidean	0.008988503	0.527698006	0.056406538	0.011392367	0.010998418	0.541137447
chr	19	manhattan	0.102897589	0.632842483	0.267701814	0.1146333	0.104809214	0.664196255
chr	19	chebyshev	0.00904804	0.518439636	0.034197496	0.010234138	0.010867285	0.466968479
chr	18	euclidean	0.045296542	0.568606045	0.114370821	0.053048172	0.046958857	0.643460097
chr	18	manhattan	0.178019035	0.615325706	0.177279946	0.390042062	0.180053604	0.75674547
chr	18	chebyshev	0.0331797	0.517472252	0.043874838	0.032001449	0.034563294	0.511727103
chr	17	euclidean	0.022348054	0.536378205	0.074256118	0.022893777	0.023715009	0.536950255
chr	17	manhattan	0.082011104	0.618364518	0.228947415	0.09211825	0.083470874	0.669392008
chr	17	chebyshev	0.019116496	0.507096038	0.023527809	0.018440847	0.020387568	0.459185223
chr	16	euclidean	0.024596724	0.551214599	0.09167008	0.029466496	0.026044303	0.61776038
chr	16	manhattan	0.054098848	0.576706734	0.132271361	0.082495773	0.05577369	0.693207095
chr	16	chebyshev	0.019148649	0.507950937	0.018849368	0.01955232	0.020393776	0.501018784
chr	15	euclidean	0.034492212	0.502609891	0.023573162	0.042659881	0.03570723	0.56224751
chr	15	manhattan	0.090026062	0.552247353	0.120100673	0.107834104	0.091162862	0.603561792
chr	15	chebyshev	0.062242191	0.503507583	0.006999679	0.064944204	0.0632812	0.487524101
chr	14	euclidean	0.068300635	0.507414248	0.013019416	0.077385256	0.069421257	0.563228061
chr	14	manhattan	0.130013939	0.579001188	0.155373235	0.163143393	0.131150602	0.658337873
chr	14	chebyshev	0.091191002	0.490915331	-0.017477023	0.089240068	0.092148328	0.470641699
chr	13	euclidean	0.014535736	0.506063078	0.046688807	0.021265934	0.015728354	0.598983684
chr	13	manhattan	0.01007979	0.471520008	0.017344365	0.071944125	0.011983081	0.675733533
chr	13	chebyshev	0.02104948	0.506736923	0.010563978	0.02231112	0.021999547	0.476272989
chr	12	euclidean	0.055155756	0.582377489	0.129783922	0.047933263	0.056254932	0.662398187
chr	12	manhattan	0.117191567	0.672646867	0.256974756	0.112394344	0.118392978	0.756612681
chr	12	chebyshev	0.030718577	0.495186555	0.051933609	0.024582586	0.031674825	0.545604323
chr	11	euclidean	0.013459487	0.58135444	0.095818059	0.015377568	0.014567322	0.672993178
chr	11	manhattan	0.037919106	0.610334851	0.090510613	0.055766793	0.039260072	0.736292776
chr	11	chebyshev	0.00661913	0.499262411	0.039422187	0.006362242	0.007488169	0.517428563
chr	10	euclidean	0.008524893	0.563816549	0.06634526	0.010506024	0.009631451	0.657437484
chr	10	manhattan	0.050389042	0.632778732	0.172883419	0.070591339	0.051636647	0.744102276
chr	10	chebyshev	0.010732195	0.510515346	0.049656004	0.010137482	0.011601532	0.525169712
chr	9	euclidean	0.022749046	0.50184451	0.031467354	0.030531987	0.023696933	0.583506105
chr	9	manhattan	0.042462966	0.528082365	0.094400265	0.067918902	0.04349709	0.646863148
chr	9	chebyshev	0.070030425	0.506718606	0.007719722	0.070545693	0.07076362	0.466147943
chr	8	euclidean	0.048454148	0.573197864	0.153082835	0.055485719	0.049274079	0.613231538
chr	8	manhattan	0.083597818	0.607391258	0.222652636	0.098603486	0.084410436	0.656849597
chr	8	chebyshev	0.017379729	0.532195106	0.05719104	0.017032194	0.018092834	0.46832614
chr	7	euclidean	0.018966455	0.60488417	0.098617681	0.019465196	0.02004184	0.707704212
chr	7	manhattan	0.067400441	0.668120115	0.211940217	0.071567784	0.068509474	0.764311452
chr	7	chebyshev	0.016741265	0.512806164	0.060680628	0.014072455	0.017565395	0.573556952
chr	6	euclidean	0.060181121	0.581216608	0.162501909	0.060084925	0.060823787	0.585413707
chr	6	manhattan	0.136989777	0.655373404	0.306358146	0.155160354	0.137655353	0.703452787
chr	6	chebyshev	0.022844431	0.525477128	0.056423262	0.021325981	0.023453127	0.471320673
chr	5	euclidean	0.020896096	0.61021265	0.105479955	0.021575806	0.021853599	0.713593982
chr	5	manhattan	0.076013232	0.678285194	0.222110463	0.084516497	0.077022947	0.776605007
chr	5	chebyshev	0.009419792	0.48822092	0.031125019	0.008001138	0.01012967	0.539647105
chr	4	euclidean	0.162764533	0.645481967	0.292363498	0.174381781	0.163299807	0.667404826
chr	4	manhattan	0.188994721	0.684657273	0.369517279	0.192197489	0.189488953	0.685947942
chr	4	chebyshev	0.058431317	0.561096073	0.119211116	0.054674097	0.058952609	0.503203378
chr	3	euclidean	0.024375608	0.599089409	0.104173202	0.022771792	0.025222695	0.698051911
chr	3	manhattan	0.079741996	0.673208689	0.241471489	0.076523906	0.080596418	0.761822163
chr	3	chebyshev	0.017432266	0.491106974	0.046415782	0.013919336	0.018090733	0.551402468
chr	2	euclidean	0.035196734	0.630521326	0.138840102	0.033288895	0.035941992	0.73165018
chr	2	manhattan	0.044026872	0.686614527	0.151316672	0.055403646	0.04501555	0.799154756
chr	2	chebyshev	0.012325908	0.498482832	0.051972751	0.009851922	0.012883843	0.567598531
chr	1	euclidean	0.033793202	0.545118505	0.04972775	0.036646845	0.034345934	0.627905474
chr	1	manhattan	0.045062642	0.585505406	0.109919434	0.055468585	0.045668287	0.688306148
chr	1	chebyshev	0.049457756	0.501740173	0.021013358	0.044621229	0.049908176	0.512153023
