chr	1	ctcf	486	261	0.5460251046025104	2483.1371111334
chr	1	smc3	486	203	0.42291666666666666	2483.1371111334
chr	1	rad21	486	210	0.4375	2483.1371111334
chr	1	polr2a	486	99	0.21019108280254778	2483.1371111334
chr	1	H3K9me3	486	31	0.06378600823045268	2483.1371111334
chr	1	h3k4me3	486	120	0.2564102564102564	2483.1371111334
chr	1	H3K4me1	486	168	0.35368421052631577	2483.1371111334
chr	1	H3K36me3	486	98	0.20416666666666666	2483.1371111334
chr	2	ctcf	437	360	0.8275862068965517	1482.3901503490285
chr	2	smc3	437	165	0.3793103448275862	1482.3901503490285
chr	2	rad21	437	169	0.3876146788990826	1482.3901503490285
chr	2	polr2a	437	75	0.17162471395881007	1482.3901503490285
chr	2	H3K9me3	437	32	0.07339449541284404	1482.3901503490285
chr	2	h3k4me3	437	98	0.22843822843822845	1482.3901503490285
chr	2	H3K4me1	437	131	0.3039443155452436	1482.3901503490285
chr	2	H3K36me3	437	78	0.18013856812933027	1482.3901503490285
chr	3	ctcf	364	167	0.46005509641873277	1974.3045912994303
chr	3	smc3	364	128	0.3516483516483517	1974.3045912994303
chr	3	rad21	364	135	0.371900826446281	1974.3045912994303
chr	3	polr2a	364	77	0.21212121212121213	1974.3045912994303
chr	3	H3K9me3	364	18	0.04945054945054945	1974.3045912994303
chr	3	h3k4me3	364	67	0.18873239436619718	1974.3045912994303
chr	3	H3K4me1	364	88	0.24719101123595505	1974.3045912994303
chr	3	H3K36me3	364	51	0.1424581005586592	1974.3045912994303
chr	4	ctcf	363	134	0.3701657458563536	2037.7393587862484
chr	4	smc3	363	93	0.25761772853185594	2037.7393587862484
chr	4	rad21	363	113	0.31301939058171746	2037.7393587862484
chr	4	polr2a	363	33	0.09166666666666666	2037.7393587862484
chr	4	H3K9me3	363	16	0.0440771349862259	2037.7393587862484
chr	4	h3k4me3	363	46	0.12777777777777777	2037.7393587862484
chr	4	H3K4me1	363	58	0.16022099447513813	2037.7393587862484
chr	4	H3K36me3	363	26	0.0718232044198895	2037.7393587862484
chr	5	ctcf	349	150	0.43103448275862066	1794.4422457507983
chr	5	smc3	349	116	0.3333333333333333	1794.4422457507983
chr	5	rad21	349	123	0.35344827586206895	1794.4422457507983
chr	5	polr2a	349	44	0.1282798833819242	1794.4422457507983
chr	5	H3K9me3	349	16	0.045845272206303724	1794.4422457507983
chr	5	h3k4me3	349	60	0.17543859649122806	1794.4422457507983
chr	5	H3K4me1	349	76	0.22287390029325513	1794.4422457507983
chr	5	H3K36me3	349	56	0.16138328530259366	1794.4422457507983
chr	6	ctcf	330	145	0.4393939393939394	2559.652328380951
chr	6	smc3	330	117	0.35454545454545455	2559.652328380951
chr	6	rad21	330	117	0.35454545454545455	2559.652328380951
chr	6	polr2a	330	38	0.11728395061728394	2559.652328380951
chr	6	H3K9me3	330	17	0.051515151515151514	2559.652328380951
chr	6	h3k4me3	330	58	0.1806853582554517	2559.652328380951
chr	6	H3K4me1	330	77	0.2398753894080997	2559.652328380951
chr	6	H3K36me3	330	45	0.13636363636363635	2559.652328380951
chr	7	ctcf	297	142	0.48464163822525597	1686.0370533755033
chr	7	smc3	297	103	0.3515358361774744	1686.0370533755033
chr	7	rad21	297	111	0.37755102040816324	1686.0370533755033
chr	7	polr2a	297	50	0.16835016835016836	1686.0370533755033
chr	7	H3K9me3	297	15	0.050505050505050504	1686.0370533755033
chr	7	h3k4me3	297	47	0.16206896551724137	1686.0370533755033
chr	7	H3K4me1	297	63	0.21283783783783783	1686.0370533755033
chr	7	H3K36me3	297	31	0.10437710437710437	1686.0370533755033
chr	8	ctcf	282	114	0.40425531914893614	2004.2852451729927
chr	8	smc3	282	92	0.32857142857142857	2004.2852451729927
chr	8	rad21	282	94	0.3357142857142857	2004.2852451729927
chr	8	polr2a	282	34	0.12318840579710146	2004.2852451729927
chr	8	H3K9me3	282	12	0.04395604395604396	2004.2852451729927
chr	8	h3k4me3	282	42	0.15162454873646208	2004.2852451729927
chr	8	H3K4me1	282	56	0.2007168458781362	2004.2852451729927
chr	8	H3K36me3	282	32	0.11721611721611722	2004.2852451729927
chr	9	ctcf	226	174	0.7837837837837838	2357.3653773678134
chr	9	smc3	226	82	0.36444444444444446	2357.3653773678134
chr	9	rad21	226	79	0.35267857142857145	2357.3653773678134
chr	9	polr2a	226	47	0.2079646017699115	2357.3653773678134
chr	9	H3K9me3	226	17	0.0752212389380531	2357.3653773678134
chr	9	h3k4me3	226	49	0.22171945701357465	2357.3653773678134
chr	9	H3K4me1	226	76	0.34080717488789236	2357.3653773678134
chr	9	H3K36me3	226	36	0.16216216216216217	2357.3653773678134
chr	10	ctcf	253	106	0.42063492063492064	1838.9419937403447
chr	10	smc3	253	76	0.30158730158730157	1838.9419937403447
chr	10	rad21	253	80	0.31746031746031744	1838.9419937403447
chr	10	polr2a	253	36	0.14814814814814814	1838.9419937403447
chr	10	H3K9me3	253	17	0.06995884773662552	1838.9419937403447
chr	10	h3k4me3	253	42	0.17142857142857143	1838.9419937403447
chr	10	H3K4me1	253	66	0.264	1838.9419937403447
chr	10	H3K36me3	253	41	0.17154811715481172	1838.9419937403447
chr	11	ctcf	269	139	0.516728624535316	1798.8066314200642
chr	11	smc3	269	106	0.3940520446096654	1798.8066314200642
chr	11	rad21	269	115	0.4291044776119403	1798.8066314200642
chr	11	polr2a	269	52	0.1984732824427481	1798.8066314200642
chr	11	H3K9me3	269	10	0.03731343283582089	1798.8066314200642
chr	11	h3k4me3	269	56	0.20973782771535582	1798.8066314200642
chr	11	H3K4me1	269	69	0.2623574144486692	1798.8066314200642
chr	11	H3K36me3	269	46	0.17624521072796934	1798.8066314200642
chr	12	ctcf	262	132	0.5076923076923077	1692.734812069701
chr	12	smc3	262	110	0.4230769230769231	1692.734812069701
chr	12	rad21	262	117	0.4482758620689655	1692.734812069701
chr	12	polr2a	262	66	0.2558139534883721	1692.734812069701
chr	12	H3K9me3	262	19	0.07251908396946564	1692.734812069701
chr	12	h3k4me3	262	70	0.2777777777777778	1692.734812069701
chr	12	H3K4me1	262	81	0.32270916334661354	1692.734812069701
chr	12	H3K36me3	262	51	0.19767441860465115	1692.734812069701
chr	13	ctcf	186	66	0.3548387096774194	1569.1682788264059
chr	13	smc3	186	47	0.25268817204301075	1569.1682788264059
chr	13	rad21	186	55	0.2956989247311828	1569.1682788264059
chr	13	polr2a	186	22	0.11827956989247312	1569.1682788264059
chr	13	H3K9me3	186	12	0.06451612903225806	1569.1682788264059
chr	13	h3k4me3	186	27	0.14673913043478262	1569.1682788264059
chr	13	H3K4me1	186	36	0.1935483870967742	1569.1682788264059
chr	13	H3K36me3	186	15	0.08064516129032258	1569.1682788264059
chr	14	ctcf	169	81	0.47928994082840237	1946.501130586022
chr	14	smc3	169	61	0.3609467455621302	1946.501130586022
chr	14	rad21	169	59	0.3532934131736527	1946.501130586022
chr	14	polr2a	169	37	0.21893491124260356	1946.501130586022
chr	14	H3K9me3	169	11	0.06547619047619048	1946.501130586022
chr	14	h3k4me3	169	48	0.28402366863905326	1946.501130586022
chr	14	H3K4me1	169	52	0.3076923076923077	1946.501130586022
chr	14	H3K36me3	169	30	0.17751479289940827	1946.501130586022
chr	15	ctcf	173	83	0.4853801169590643	2489.1992949679943
chr	15	smc3	173	66	0.38596491228070173	2489.1992949679943
chr	15	rad21	173	71	0.4127906976744186	2489.1992949679943
chr	15	polr2a	173	34	0.2	2489.1992949679943
chr	15	H3K9me3	173	6	0.03468208092485549	2489.1992949679943
chr	15	h3k4me3	173	43	0.25595238095238093	2489.1992949679943
chr	15	H3K4me1	173	54	0.31952662721893493	2489.1992949679943
chr	15	H3K36me3	173	33	0.19186046511627908	2489.1992949679943
chr	16	ctcf	160	117	0.740506329113924	2109.9002395061143
chr	16	smc3	160	72	0.4528301886792453	2109.9002395061143
chr	16	rad21	160	72	0.45	2109.9002395061143
chr	16	polr2a	160	51	0.3333333333333333	2109.9002395061143
chr	16	H3K9me3	160	13	0.08125	2109.9002395061143
chr	16	h3k4me3	160	47	0.30718954248366015	2109.9002395061143
chr	16	H3K4me1	160	55	0.35714285714285715	2109.9002395061143
chr	16	H3K36me3	160	40	0.2631578947368421	2109.9002395061143
chr	17	ctcf	169	88	0.5238095238095238	3896.457881217139
chr	17	smc3	169	75	0.4437869822485207	3896.457881217139
chr	17	rad21	169	78	0.46153846153846156	3896.457881217139
chr	17	polr2a	169	51	0.3128834355828221	3896.457881217139
chr	17	H3K9me3	169	4	0.023668639053254437	3896.457881217139
chr	17	h3k4me3	169	58	0.36024844720496896	3896.457881217139
chr	17	H3K4me1	169	64	0.4	3896.457881217139
chr	17	H3K36me3	169	49	0.3006134969325153	3896.457881217139
chr	18	ctcf	152	56	0.3684210526315789	2150.625411078783
chr	18	smc3	152	41	0.26973684210526316	2150.625411078783
chr	18	rad21	152	43	0.28289473684210525	2150.625411078783
chr	18	polr2a	152	20	0.13157894736842105	2150.625411078783
chr	18	H3K9me3	152	7	0.046052631578947366	2150.625411078783
chr	18	h3k4me3	152	21	0.1390728476821192	2150.625411078783
chr	18	H3K4me1	152	28	0.18543046357615894	2150.625411078783
chr	18	H3K36me3	152	21	0.14	2150.625411078783
chr	19	ctcf	118	73	0.6186440677966102	2175.665288225269
chr	19	smc3	118	60	0.5128205128205128	2175.665288225269
chr	19	rad21	118	59	0.5042735042735043	2175.665288225269
chr	19	polr2a	118	64	0.5565217391304348	2175.665288225269
chr	19	H3K9me3	118	5	0.042735042735042736	2175.665288225269
chr	19	h3k4me3	118	44	0.4074074074074074	2175.665288225269
chr	19	H3K4me1	118	55	0.49107142857142855	2175.665288225269
chr	19	H3K36me3	118	49	0.44144144144144143	2175.665288225269
chr	20	ctcf	125	76	0.608	2792.965608250253
chr	20	smc3	125	61	0.488	2792.965608250253
chr	20	rad21	125	63	0.504	2792.965608250253
chr	20	polr2a	125	28	0.22580645161290322	2792.965608250253
chr	20	H3K9me3	125	9	0.072	2792.965608250253
chr	20	h3k4me3	125	33	0.2661290322580645	2792.965608250253
chr	20	H3K4me1	125	51	0.4112903225806452	2792.965608250253
chr	20	H3K36me3	125	29	0.23770491803278687	2792.965608250253
chr	21	ctcf	66	19	0.2878787878787879	1425.9860751827696
chr	21	smc3	66	15	0.22727272727272727	1425.9860751827696
chr	21	rad21	66	16	0.24242424242424243	1425.9860751827696
chr	21	polr2a	66	10	0.15151515151515152	1425.9860751827696
chr	21	H3K9me3	66	4	0.06060606060606061	1425.9860751827696
chr	21	h3k4me3	66	13	0.19696969696969696	1425.9860751827696
chr	21	H3K4me1	66	13	0.19696969696969696	1425.9860751827696
chr	21	H3K36me3	66	11	0.16923076923076924	1425.9860751827696
chr	22	ctcf	86	41	0.47674418604651164	157.4865591748703
chr	22	smc3	86	33	0.38372093023255816	157.4865591748703
chr	22	rad21	86	30	0.3488372093023256	157.4865591748703
chr	22	polr2a	86	31	0.36470588235294116	157.4865591748703
chr	22	H3K9me3	86	4	0.046511627906976744	157.4865591748703
chr	22	h3k4me3	86	27	0.32142857142857145	157.4865591748703
chr	22	H3K4me1	86	29	0.3493975903614458	157.4865591748703
chr	22	H3K36me3	86	22	0.2558139534883721	157.4865591748703
