chr	1	ctcf	486	161	0.3368200836820084	2483.1371111334
chr	1	smc3	486	122	0.25416666666666665	2483.1371111334
chr	1	rad21	486	133	0.27708333333333335	2483.1371111334
chr	1	polr2a	486	69	0.1464968152866242	2483.1371111334
chr	1	H3K9me3	486	13	0.026748971193415638	2483.1371111334
chr	1	h3k4me3	486	76	0.1623931623931624	2483.1371111334
chr	1	H3K4me1	486	100	0.21052631578947367	2483.1371111334
chr	1	H3K36me3	486	75	0.15625	2483.1371111334
chr	2	ctcf	437	121	0.27816091954022987	1482.3901503490285
chr	2	smc3	437	91	0.20919540229885059	1482.3901503490285
chr	2	rad21	437	98	0.22477064220183487	1482.3901503490285
chr	2	polr2a	437	40	0.09153318077803203	1482.3901503490285
chr	2	H3K9me3	437	15	0.034403669724770644	1482.3901503490285
chr	2	h3k4me3	437	50	0.11655011655011654	1482.3901503490285
chr	2	H3K4me1	437	77	0.17865429234338748	1482.3901503490285
chr	2	H3K36me3	437	50	0.11547344110854503	1482.3901503490285
chr	3	ctcf	364	100	0.27548209366391185	1974.3045912994303
chr	3	smc3	364	71	0.19505494505494506	1974.3045912994303
chr	3	rad21	364	79	0.21763085399449036	1974.3045912994303
chr	3	polr2a	364	56	0.15426997245179064	1974.3045912994303
chr	3	H3K9me3	364	10	0.027472527472527472	1974.3045912994303
chr	3	h3k4me3	364	42	0.11830985915492957	1974.3045912994303
chr	3	H3K4me1	364	57	0.1601123595505618	1974.3045912994303
chr	3	H3K36me3	364	36	0.1005586592178771	1974.3045912994303
chr	4	ctcf	363	72	0.19889502762430938	2037.7393587862484
chr	4	smc3	363	47	0.13019390581717452	2037.7393587862484
chr	4	rad21	363	59	0.1634349030470914	2037.7393587862484
chr	4	polr2a	363	21	0.058333333333333334	2037.7393587862484
chr	4	H3K9me3	363	11	0.030303030303030304	2037.7393587862484
chr	4	h3k4me3	363	24	0.06666666666666667	2037.7393587862484
chr	4	H3K4me1	363	26	0.0718232044198895	2037.7393587862484
chr	4	H3K36me3	363	18	0.049723756906077346	2037.7393587862484
chr	5	ctcf	349	92	0.26436781609195403	1794.4422457507983
chr	5	smc3	349	68	0.19540229885057472	1794.4422457507983
chr	5	rad21	349	76	0.21839080459770116	1794.4422457507983
chr	5	polr2a	349	25	0.0728862973760933	1794.4422457507983
chr	5	H3K9me3	349	7	0.02005730659025788	1794.4422457507983
chr	5	h3k4me3	349	33	0.09649122807017543	1794.4422457507983
chr	5	H3K4me1	349	47	0.1378299120234604	1794.4422457507983
chr	5	H3K36me3	349	36	0.1037463976945245	1794.4422457507983
chr	6	ctcf	330	85	0.25757575757575757	2559.652328380951
chr	6	smc3	330	67	0.20303030303030303	2559.652328380951
chr	6	rad21	330	63	0.19090909090909092	2559.652328380951
chr	6	polr2a	330	20	0.06172839506172839	2559.652328380951
chr	6	H3K9me3	330	8	0.024242424242424242	2559.652328380951
chr	6	h3k4me3	330	31	0.09657320872274143	2559.652328380951
chr	6	H3K4me1	330	45	0.14018691588785046	2559.652328380951
chr	6	H3K36me3	330	27	0.08181818181818182	2559.652328380951
chr	7	ctcf	297	86	0.2935153583617747	1686.0370533755033
chr	7	smc3	297	62	0.21160409556313994	1686.0370533755033
chr	7	rad21	297	69	0.23469387755102042	1686.0370533755033
chr	7	polr2a	297	32	0.10774410774410774	1686.0370533755033
chr	7	H3K9me3	297	9	0.030303030303030304	1686.0370533755033
chr	7	h3k4me3	297	29	0.1	1686.0370533755033
chr	7	H3K4me1	297	43	0.14527027027027026	1686.0370533755033
chr	7	H3K36me3	297	26	0.08754208754208755	1686.0370533755033
chr	8	ctcf	282	68	0.24113475177304963	2004.2852451729927
chr	8	smc3	282	50	0.17857142857142858	2004.2852451729927
chr	8	rad21	282	52	0.18571428571428572	2004.2852451729927
chr	8	polr2a	282	18	0.06521739130434782	2004.2852451729927
chr	8	H3K9me3	282	6	0.02197802197802198	2004.2852451729927
chr	8	h3k4me3	282	23	0.08303249097472924	2004.2852451729927
chr	8	H3K4me1	282	36	0.12903225806451613	2004.2852451729927
chr	8	H3K36me3	282	17	0.06227106227106227	2004.2852451729927
chr	9	ctcf	226	66	0.2972972972972973	2357.3653773678134
chr	9	smc3	226	46	0.20444444444444446	2357.3653773678134
chr	9	rad21	226	47	0.20982142857142858	2357.3653773678134
chr	9	polr2a	226	29	0.12831858407079647	2357.3653773678134
chr	9	H3K9me3	226	12	0.05309734513274336	2357.3653773678134
chr	9	h3k4me3	226	32	0.14479638009049775	2357.3653773678134
chr	9	H3K4me1	226	45	0.20179372197309417	2357.3653773678134
chr	9	H3K36me3	226	22	0.0990990990990991	2357.3653773678134
chr	10	ctcf	253	64	0.25396825396825395	1838.9419937403447
chr	10	smc3	253	44	0.1746031746031746	1838.9419937403447
chr	10	rad21	253	42	0.16666666666666666	1838.9419937403447
chr	10	polr2a	253	25	0.102880658436214	1838.9419937403447
chr	10	H3K9me3	253	12	0.04938271604938271	1838.9419937403447
chr	10	h3k4me3	253	26	0.10612244897959183	1838.9419937403447
chr	10	H3K4me1	253	44	0.176	1838.9419937403447
chr	10	H3K36me3	253	27	0.11297071129707113	1838.9419937403447
chr	11	ctcf	269	88	0.3271375464684015	1798.8066314200642
chr	11	smc3	269	61	0.22676579925650558	1798.8066314200642
chr	11	rad21	269	65	0.24253731343283583	1798.8066314200642
chr	11	polr2a	269	35	0.13358778625954199	1798.8066314200642
chr	11	H3K9me3	269	6	0.022388059701492536	1798.8066314200642
chr	11	h3k4me3	269	34	0.12734082397003746	1798.8066314200642
chr	11	H3K4me1	269	38	0.1444866920152091	1798.8066314200642
chr	11	H3K36me3	269	29	0.1111111111111111	1798.8066314200642
chr	12	ctcf	262	81	0.31153846153846154	1692.734812069701
chr	12	smc3	262	57	0.21923076923076923	1692.734812069701
chr	12	rad21	262	68	0.26053639846743293	1692.734812069701
chr	12	polr2a	262	39	0.1511627906976744	1692.734812069701
chr	12	H3K9me3	262	8	0.030534351145038167	1692.734812069701
chr	12	h3k4me3	262	38	0.15079365079365079	1692.734812069701
chr	12	H3K4me1	262	47	0.18725099601593626	1692.734812069701
chr	12	H3K36me3	262	37	0.1434108527131783	1692.734812069701
chr	13	ctcf	186	33	0.1774193548387097	1569.1682788264059
chr	13	smc3	186	23	0.12365591397849462	1569.1682788264059
chr	13	rad21	186	28	0.15053763440860216	1569.1682788264059
chr	13	polr2a	186	12	0.06451612903225806	1569.1682788264059
chr	13	H3K9me3	186	6	0.03225806451612903	1569.1682788264059
chr	13	h3k4me3	186	12	0.06521739130434782	1569.1682788264059
chr	13	H3K4me1	186	24	0.12903225806451613	1569.1682788264059
chr	13	H3K36me3	186	10	0.053763440860215055	1569.1682788264059
chr	14	ctcf	169	51	0.30177514792899407	1946.501130586022
chr	14	smc3	169	32	0.1893491124260355	1946.501130586022
chr	14	rad21	169	32	0.19161676646706588	1946.501130586022
chr	14	polr2a	169	13	0.07692307692307693	1946.501130586022
chr	14	H3K9me3	169	5	0.02976190476190476	1946.501130586022
chr	14	h3k4me3	169	21	0.1242603550295858	1946.501130586022
chr	14	H3K4me1	169	30	0.17751479289940827	1946.501130586022
chr	14	H3K36me3	169	21	0.1242603550295858	1946.501130586022
chr	15	ctcf	173	55	0.3216374269005848	2489.1992949679943
chr	15	smc3	173	38	0.2222222222222222	2489.1992949679943
chr	15	rad21	173	43	0.25	2489.1992949679943
chr	15	polr2a	173	23	0.13529411764705881	2489.1992949679943
chr	15	H3K9me3	173	1	0.005780346820809248	2489.1992949679943
chr	15	h3k4me3	173	27	0.16071428571428573	2489.1992949679943
chr	15	H3K4me1	173	33	0.1952662721893491	2489.1992949679943
chr	15	H3K36me3	173	21	0.12209302325581395	2489.1992949679943
chr	16	ctcf	160	56	0.35443037974683544	2109.9002395061143
chr	16	smc3	160	44	0.27672955974842767	2109.9002395061143
chr	16	rad21	160	44	0.275	2109.9002395061143
chr	16	polr2a	160	34	0.2222222222222222	2109.9002395061143
chr	16	H3K9me3	160	9	0.05625	2109.9002395061143
chr	16	h3k4me3	160	32	0.20915032679738563	2109.9002395061143
chr	16	H3K4me1	160	33	0.21428571428571427	2109.9002395061143
chr	16	H3K36me3	160	28	0.18421052631578946	2109.9002395061143
chr	17	ctcf	169	55	0.3273809523809524	3896.457881217139
chr	17	smc3	169	48	0.28402366863905326	3896.457881217139
chr	17	rad21	169	50	0.2958579881656805	3896.457881217139
chr	17	polr2a	169	28	0.17177914110429449	3896.457881217139
chr	17	H3K9me3	169	3	0.01775147928994083	3896.457881217139
chr	17	h3k4me3	169	34	0.2111801242236025	3896.457881217139
chr	17	H3K4me1	169	41	0.25625	3896.457881217139
chr	17	H3K36me3	169	36	0.22085889570552147	3896.457881217139
chr	18	ctcf	152	37	0.24342105263157895	2150.625411078783
chr	18	smc3	152	26	0.17105263157894737	2150.625411078783
chr	18	rad21	152	28	0.18421052631578946	2150.625411078783
chr	18	polr2a	152	15	0.09868421052631579	2150.625411078783
chr	18	H3K9me3	152	4	0.02631578947368421	2150.625411078783
chr	18	h3k4me3	152	16	0.10596026490066225	2150.625411078783
chr	18	H3K4me1	152	18	0.11920529801324503	2150.625411078783
chr	18	H3K36me3	152	12	0.08	2150.625411078783
chr	19	ctcf	118	56	0.4745762711864407	2175.665288225269
chr	19	smc3	118	41	0.3504273504273504	2175.665288225269
chr	19	rad21	118	41	0.3504273504273504	2175.665288225269
chr	19	polr2a	118	48	0.41739130434782606	2175.665288225269
chr	19	H3K9me3	118	4	0.03418803418803419	2175.665288225269
chr	19	h3k4me3	118	37	0.3425925925925926	2175.665288225269
chr	19	H3K4me1	118	41	0.36607142857142855	2175.665288225269
chr	19	H3K36me3	118	29	0.26126126126126126	2175.665288225269
chr	20	ctcf	125	39	0.312	2792.965608250253
chr	20	smc3	125	32	0.256	2792.965608250253
chr	20	rad21	125	30	0.24	2792.965608250253
chr	20	polr2a	125	17	0.13709677419354838	2792.965608250253
chr	20	H3K9me3	125	4	0.032	2792.965608250253
chr	20	h3k4me3	125	18	0.14516129032258066	2792.965608250253
chr	20	H3K4me1	125	28	0.22580645161290322	2792.965608250253
chr	20	H3K36me3	125	20	0.16393442622950818	2792.965608250253
chr	21	ctcf	66	12	0.18181818181818182	1425.9860751827696
chr	21	smc3	66	9	0.13636363636363635	1425.9860751827696
chr	21	rad21	66	10	0.15151515151515152	1425.9860751827696
chr	21	polr2a	66	3	0.045454545454545456	1425.9860751827696
chr	21	H3K9me3	66	2	0.030303030303030304	1425.9860751827696
chr	21	h3k4me3	66	6	0.09090909090909091	1425.9860751827696
chr	21	H3K4me1	66	11	0.16666666666666666	1425.9860751827696
chr	21	H3K36me3	66	11	0.16923076923076924	1425.9860751827696
chr	22	ctcf	86	28	0.32558139534883723	157.4865591748703
chr	22	smc3	86	21	0.2441860465116279	157.4865591748703
chr	22	rad21	86	18	0.20930232558139536	157.4865591748703
chr	22	polr2a	86	21	0.24705882352941178	157.4865591748703
chr	22	H3K9me3	86	2	0.023255813953488372	157.4865591748703
chr	22	h3k4me3	86	21	0.25	157.4865591748703
chr	22	H3K4me1	86	20	0.24096385542168675	157.4865591748703
chr	22	H3K36me3	86	15	0.1744186046511628	157.4865591748703
