chr	22	ctcf	86	61	0.7093023255813954	157.4865591748703
chr	22	smc3	86	51	0.5930232558139535	157.4865591748703
chr	22	rad21	86	49	0.5697674418604651	157.4865591748703
chr	22	polr2a	86	39	0.4588235294117647	157.4865591748703
chr	22	H3K9me3	86	7	0.08139534883720931	157.4865591748703
chr	22	h3k4me3	86	39	0.4642857142857143	157.4865591748703
chr	22	H3K4me1	86	46	0.5542168674698795	157.4865591748703
chr	22	H3K36me3	86	29	0.3372093023255814	157.4865591748703
chr	21	ctcf	66	31	0.4696969696969697	1425.9860751827696
chr	21	smc3	66	28	0.42424242424242425	1425.9860751827696
chr	21	rad21	66	29	0.4393939393939394	1425.9860751827696
chr	21	polr2a	66	17	0.25757575757575757	1425.9860751827696
chr	21	H3K9me3	66	8	0.12121212121212122	1425.9860751827696
chr	21	h3k4me3	66	21	0.3181818181818182	1425.9860751827696
chr	21	H3K4me1	66	19	0.2878787878787879	1425.9860751827696
chr	21	H3K36me3	66	15	0.23076923076923078	1425.9860751827696
chr	20	ctcf	125	104	0.832	2792.965608250253
chr	20	smc3	125	91	0.728	2792.965608250253
chr	20	rad21	125	93	0.744	2792.965608250253
chr	20	polr2a	125	45	0.3629032258064516	2792.965608250253
chr	20	H3K9me3	125	16	0.128	2792.965608250253
chr	20	h3k4me3	125	53	0.4274193548387097	2792.965608250253
chr	20	H3K4me1	125	69	0.5564516129032258	2792.965608250253
chr	20	H3K36me3	125	41	0.3360655737704918	2792.965608250253
chr	19	ctcf	118	97	0.8220338983050848	2175.665288225269
chr	19	smc3	118	88	0.7521367521367521	2175.665288225269
chr	19	rad21	118	85	0.7264957264957265	2175.665288225269
chr	19	polr2a	118	83	0.7217391304347827	2175.665288225269
chr	19	H3K9me3	118	9	0.07692307692307693	2175.665288225269
chr	19	h3k4me3	118	76	0.7037037037037037	2175.665288225269
chr	19	H3K4me1	118	82	0.7321428571428571	2175.665288225269
chr	19	H3K36me3	118	64	0.5765765765765766	2175.665288225269
chr	18	ctcf	152	88	0.5789473684210527	2150.625411078783
chr	18	smc3	152	74	0.4868421052631579	2150.625411078783
chr	18	rad21	152	76	0.5	2150.625411078783
chr	18	polr2a	152	27	0.17763157894736842	2150.625411078783
chr	18	H3K9me3	152	12	0.07894736842105263	2150.625411078783
chr	18	h3k4me3	152	35	0.23178807947019867	2150.625411078783
chr	18	H3K4me1	152	47	0.31125827814569534	2150.625411078783
chr	18	H3K36me3	152	27	0.18	2150.625411078783
chr	17	ctcf	169	128	0.7619047619047619	3896.457881217139
chr	17	smc3	169	108	0.6390532544378699	3896.457881217139
chr	17	rad21	169	112	0.6627218934911243	3896.457881217139
chr	17	polr2a	169	83	0.50920245398773	3896.457881217139
chr	17	H3K9me3	169	14	0.08284023668639054	3896.457881217139
chr	17	h3k4me3	169	95	0.5900621118012422	3896.457881217139
chr	17	H3K4me1	169	97	0.60625	3896.457881217139
chr	17	H3K36me3	169	76	0.4662576687116564	3896.457881217139
chr	16	ctcf	160	158	1.0	2109.9002395061143
chr	16	smc3	160	102	0.6415094339622641	2109.9002395061143
chr	16	rad21	160	102	0.6375	2109.9002395061143
chr	16	polr2a	160	70	0.45751633986928103	2109.9002395061143
chr	16	H3K9me3	160	14	0.0875	2109.9002395061143
chr	16	h3k4me3	160	69	0.45098039215686275	2109.9002395061143
chr	16	H3K4me1	160	80	0.5194805194805194	2109.9002395061143
chr	16	H3K36me3	160	56	0.3684210526315789	2109.9002395061143
chr	15	ctcf	173	120	0.7017543859649122	2489.1992949679943
chr	15	smc3	173	104	0.6081871345029239	2489.1992949679943
chr	15	rad21	173	110	0.6395348837209303	2489.1992949679943
chr	15	polr2a	173	54	0.3176470588235294	2489.1992949679943
chr	15	H3K9me3	173	13	0.07514450867052024	2489.1992949679943
chr	15	h3k4me3	173	63	0.375	2489.1992949679943
chr	15	H3K4me1	173	79	0.46745562130177515	2489.1992949679943
chr	15	H3K36me3	173	45	0.2616279069767442	2489.1992949679943
chr	14	ctcf	169	127	0.7514792899408284	1946.501130586022
chr	14	smc3	169	104	0.6153846153846154	1946.501130586022
chr	14	rad21	169	109	0.6526946107784432	1946.501130586022
chr	14	polr2a	169	52	0.3076923076923077	1946.501130586022
chr	14	H3K9me3	169	24	0.14285714285714285	1946.501130586022
chr	14	h3k4me3	169	63	0.3727810650887574	1946.501130586022
chr	14	H3K4me1	169	76	0.44970414201183434	1946.501130586022
chr	14	H3K36me3	169	43	0.25443786982248523	1946.501130586022
chr	13	ctcf	186	107	0.5752688172043011	1569.1682788264059
chr	13	smc3	186	75	0.4032258064516129	1569.1682788264059
chr	13	rad21	186	89	0.478494623655914	1569.1682788264059
chr	13	polr2a	186	34	0.1827956989247312	1569.1682788264059
chr	13	H3K9me3	186	18	0.0967741935483871	1569.1682788264059
chr	13	h3k4me3	186	40	0.21739130434782608	1569.1682788264059
chr	13	H3K4me1	186	53	0.2849462365591398	1569.1682788264059
chr	13	H3K36me3	186	24	0.12903225806451613	1569.1682788264059
chr	12	ctcf	262	196	0.7538461538461538	1692.734812069701
chr	12	smc3	262	173	0.6653846153846154	1692.734812069701
chr	12	rad21	262	179	0.685823754789272	1692.734812069701
chr	12	polr2a	262	96	0.37209302325581395	1692.734812069701
chr	12	H3K9me3	262	42	0.16030534351145037	1692.734812069701
chr	12	h3k4me3	262	108	0.42857142857142855	1692.734812069701
chr	12	H3K4me1	262	168	0.6693227091633466	1692.734812069701
chr	12	H3K36me3	262	140	0.5426356589147286	1692.734812069701
chr	11	ctcf	269	194	0.7211895910780669	1798.8066314200642
chr	11	smc3	269	160	0.5947955390334573	1798.8066314200642
chr	11	rad21	269	168	0.6268656716417911	1798.8066314200642
chr	11	polr2a	269	86	0.3282442748091603	1798.8066314200642
chr	11	H3K9me3	269	19	0.0708955223880597	1798.8066314200642
chr	11	h3k4me3	269	97	0.36329588014981273	1798.8066314200642
chr	11	H3K4me1	269	105	0.39923954372623577	1798.8066314200642
chr	11	H3K36me3	269	65	0.24904214559386972	1798.8066314200642
chr	10	ctcf	253	172	0.6825396825396826	1838.9419937403447
chr	10	smc3	253	132	0.5238095238095238	1838.9419937403447
chr	10	rad21	253	143	0.5674603174603174	1838.9419937403447
chr	10	polr2a	253	65	0.2674897119341564	1838.9419937403447
chr	10	H3K9me3	253	30	0.12345679012345678	1838.9419937403447
chr	10	h3k4me3	253	83	0.33877551020408164	1838.9419937403447
chr	10	H3K4me1	253	100	0.4	1838.9419937403447
chr	10	H3K36me3	253	61	0.25523012552301255	1838.9419937403447
chr	9	ctcf	226	222	1.0	2357.3653773678134
chr	9	smc3	226	117	0.52	2357.3653773678134
chr	9	rad21	226	122	0.5446428571428571	2357.3653773678134
chr	9	polr2a	226	72	0.3185840707964602	2357.3653773678134
chr	9	H3K9me3	226	23	0.10176991150442478	2357.3653773678134
chr	9	h3k4me3	226	73	0.33031674208144796	2357.3653773678134
chr	9	H3K4me1	226	95	0.4260089686098655	2357.3653773678134
chr	9	H3K36me3	226	57	0.25675675675675674	2357.3653773678134
chr	8	ctcf	282	184	0.6524822695035462	2004.2852451729927
chr	8	smc3	282	157	0.5607142857142857	2004.2852451729927
chr	8	rad21	282	162	0.5785714285714286	2004.2852451729927
chr	8	polr2a	282	60	0.21739130434782608	2004.2852451729927
chr	8	H3K9me3	282	20	0.07326007326007326	2004.2852451729927
chr	8	h3k4me3	282	70	0.2527075812274368	2004.2852451729927
chr	8	H3K4me1	282	85	0.3046594982078853	2004.2852451729927
chr	8	H3K36me3	282	46	0.1684981684981685	2004.2852451729927
chr	7	ctcf	297	205	0.6996587030716723	1686.0370533755033
chr	7	smc3	297	165	0.5631399317406144	1686.0370533755033
chr	7	rad21	297	178	0.6054421768707483	1686.0370533755033
chr	7	polr2a	297	77	0.25925925925925924	1686.0370533755033
chr	7	H3K9me3	297	31	0.10437710437710437	1686.0370533755033
chr	7	h3k4me3	297	88	0.30344827586206896	1686.0370533755033
chr	7	H3K4me1	297	103	0.34797297297297297	1686.0370533755033
chr	7	H3K36me3	297	55	0.18518518518518517	1686.0370533755033
chr	6	ctcf	330	215	0.6515151515151515	2559.652328380951
chr	6	smc3	330	179	0.5424242424242425	2559.652328380951
chr	6	rad21	330	181	0.5484848484848485	2559.652328380951
chr	6	polr2a	330	75	0.23148148148148148	2559.652328380951
chr	6	H3K9me3	330	36	0.10909090909090909	2559.652328380951
chr	6	h3k4me3	330	105	0.32710280373831774	2559.652328380951
chr	6	H3K4me1	330	118	0.367601246105919	2559.652328380951
chr	6	H3K36me3	330	65	0.19696969696969696	2559.652328380951
chr	5	ctcf	349	229	0.6580459770114943	1794.4422457507983
chr	5	smc3	349	191	0.5488505747126436	1794.4422457507983
chr	5	rad21	349	202	0.5804597701149425	1794.4422457507983
chr	5	polr2a	349	75	0.21865889212827988	1794.4422457507983
chr	5	H3K9me3	349	33	0.09455587392550144	1794.4422457507983
chr	5	h3k4me3	349	100	0.29239766081871343	1794.4422457507983
chr	5	H3K4me1	349	113	0.3313782991202346	1794.4422457507983
chr	5	H3K36me3	349	73	0.21037463976945245	1794.4422457507983
chr	4	ctcf	363	211	0.5828729281767956	2037.7393587862484
chr	4	smc3	363	154	0.4265927977839335	2037.7393587862484
chr	4	rad21	363	186	0.5152354570637119	2037.7393587862484
chr	4	polr2a	363	62	0.17222222222222222	2037.7393587862484
chr	4	H3K9me3	363	25	0.06887052341597796	2037.7393587862484
chr	4	h3k4me3	363	82	0.22777777777777777	2037.7393587862484
chr	4	H3K4me1	363	90	0.24861878453038674	2037.7393587862484
chr	4	H3K36me3	363	35	0.09668508287292818	2037.7393587862484
chr	3	ctcf	364	257	0.7079889807162535	1974.3045912994303
chr	3	smc3	364	205	0.5631868131868132	1974.3045912994303
chr	3	rad21	364	223	0.6143250688705234	1974.3045912994303
chr	3	polr2a	364	108	0.2975206611570248	1974.3045912994303
chr	3	H3K9me3	364	40	0.10989010989010989	1974.3045912994303
chr	3	h3k4me3	364	112	0.3154929577464789	1974.3045912994303
chr	3	H3K4me1	364	137	0.3848314606741573	1974.3045912994303
chr	3	H3K36me3	364	79	0.2206703910614525	1974.3045912994303
chr	2	ctcf	437	435	1.0	1482.3901503490285
chr	2	smc3	437	254	0.5839080459770115	1482.3901503490285
chr	2	rad21	437	436	1.0	1482.3901503490285
chr	2	polr2a	437	129	0.2951945080091533	1482.3901503490285
chr	2	H3K9me3	437	50	0.11467889908256881	1482.3901503490285
chr	2	h3k4me3	437	146	0.34032634032634035	1482.3901503490285
chr	2	H3K4me1	437	180	0.4176334106728538	1482.3901503490285
chr	2	H3K36me3	437	106	0.24480369515011546	1482.3901503490285
chr	1	ctcf	486	347	0.7259414225941423	2483.1371111334
chr	1	smc3	486	297	0.61875	2483.1371111334
chr	1	rad21	486	302	0.6291666666666667	2483.1371111334
chr	1	polr2a	486	159	0.3375796178343949	2483.1371111334
chr	1	H3K9me3	486	56	0.11522633744855967	2483.1371111334
chr	1	h3k4me3	486	184	0.39316239316239315	2483.1371111334
chr	1	H3K4me1	486	233	0.4905263157894737	2483.1371111334
chr	1	H3K36me3	486	136	0.2833333333333333	2483.1371111334
