chr	1	ctcf	427	310	0.7294117647058823	300.11628721419754
chr	1	smc3	427	258	0.6056338028169014	300.11628721419754
chr	1	rad21	427	268	0.6276346604215457	300.11628721419754
chr	1	polr2a	427	176	0.41904761904761906	300.11628721419754
chr	1	H3K9me3	427	85	0.1990632318501171	300.11628721419754
chr	1	h3k4me3	427	206	0.4916467780429594	300.11628721419754
chr	1	H3K4me1	427	231	0.5579710144927537	300.11628721419754
chr	1	H3K36me3	427	142	0.33729216152019004	300.11628721419754
chr	2	ctcf	449	448	1.0	1876.1800264234935
chr	2	smc3	449	243	0.5436241610738255	1876.1800264234935
chr	2	rad21	449	445	1.0	1876.1800264234935
chr	2	polr2a	449	129	0.2873051224944321	1876.1800264234935
chr	2	H3K9me3	449	92	0.20489977728285078	1876.1800264234935
chr	2	h3k4me3	449	153	0.34459459459459457	1876.1800264234935
chr	2	H3K4me1	449	202	0.4601366742596811	1876.1800264234935
chr	2	H3K36me3	449	102	0.22767857142857142	1876.1800264234935
chr	3	ctcf	350	271	0.7809798270893372	1857.6927020408461
chr	3	smc3	350	250	0.7142857142857143	1857.6927020408461
chr	3	rad21	350	250	0.7163323782234957	1857.6927020408461
chr	3	polr2a	350	106	0.3037249283667622	1857.6927020408461
chr	3	H3K9me3	350	81	0.23142857142857143	1857.6927020408461
chr	3	h3k4me3	350	133	0.3855072463768116	1857.6927020408461
chr	3	H3K4me1	350	164	0.478134110787172	1857.6927020408461
chr	3	H3K36me3	350	95	0.27298850574712646	1857.6927020408461
chr	4	ctcf	388	220	0.5670103092783505	1641.5527142658425
chr	4	smc3	388	167	0.43041237113402064	1641.5527142658425
chr	4	rad21	388	189	0.48711340206185566	1641.5527142658425
chr	4	polr2a	388	74	0.19170984455958548	1641.5527142658425
chr	4	H3K9me3	388	51	0.13144329896907217	1641.5527142658425
chr	4	h3k4me3	388	106	0.27461139896373055	1641.5527142658425
chr	4	H3K4me1	388	135	0.3488372093023256	1641.5527142658425
chr	4	H3K36me3	388	55	0.14175257731958762	1641.5527142658425
chr	5	ctcf	311	234	0.752411575562701	1671.4635113405484
chr	5	smc3	311	173	0.5580645161290323	1671.4635113405484
chr	5	rad21	311	173	0.5562700964630225	1671.4635113405484
chr	5	polr2a	311	85	0.2733118971061093	1671.4635113405484
chr	5	H3K9me3	311	56	0.18006430868167203	1671.4635113405484
chr	5	h3k4me3	311	114	0.36774193548387096	1671.4635113405484
chr	5	H3K4me1	311	140	0.4560260586319218	1671.4635113405484
chr	5	H3K36me3	311	72	0.2315112540192926	1671.4635113405484
chr	6	ctcf	364	246	0.6795580110497238	1727.74210104191
chr	6	smc3	364	197	0.5472222222222223	1727.74210104191
chr	6	rad21	364	211	0.581267217630854	1727.74210104191
chr	6	polr2a	364	105	0.2892561983471074	1727.74210104191
chr	6	H3K9me3	364	72	0.19834710743801653	1727.74210104191
chr	6	h3k4me3	364	138	0.38333333333333336	1727.74210104191
chr	6	H3K4me1	364	170	0.4788732394366197	1727.74210104191
chr	6	H3K36me3	364	84	0.23268698060941828	1727.74210104191
chr	7	ctcf	284	284	1.0	1510.9680007375566
chr	7	smc3	284	161	0.5669014084507042	1510.9680007375566
chr	7	rad21	284	175	0.6161971830985915	1510.9680007375566
chr	7	polr2a	284	97	0.34397163120567376	1510.9680007375566
chr	7	H3K9me3	284	63	0.22183098591549297	1510.9680007375566
chr	7	h3k4me3	284	111	0.39501779359430605	1510.9680007375566
chr	7	H3K4me1	284	129	0.46236559139784944	1510.9680007375566
chr	7	H3K36me3	284	68	0.24199288256227758	1510.9680007375566
chr	8	ctcf	280	168	0.6	1702.3269825343725
chr	8	smc3	280	151	0.5392857142857143	1702.3269825343725
chr	8	rad21	280	157	0.5607142857142857	1702.3269825343725
chr	8	polr2a	280	73	0.26071428571428573	1702.3269825343725
chr	8	H3K9me3	280	60	0.21428571428571427	1702.3269825343725
chr	8	h3k4me3	280	98	0.35251798561151076	1702.3269825343725
chr	8	H3K4me1	280	112	0.4043321299638989	1702.3269825343725
chr	8	H3K36me3	280	57	0.20577617328519857	1702.3269825343725
chr	9	ctcf	234	234	1.0	30.558333835089456
chr	9	smc3	234	146	0.6239316239316239	30.558333835089456
chr	9	rad21	234	148	0.6324786324786325	30.558333835089456
chr	9	polr2a	234	88	0.37606837606837606	30.558333835089456
chr	9	H3K9me3	234	46	0.19658119658119658	30.558333835089456
chr	9	h3k4me3	234	104	0.45021645021645024	30.558333835089456
chr	9	H3K4me1	234	125	0.5411255411255411	30.558333835089456
chr	9	H3K36me3	234	72	0.3130434782608696	30.558333835089456
chr	10	ctcf	251	183	0.7290836653386454	2056.373232704814
chr	10	smc3	251	149	0.5936254980079682	2056.373232704814
chr	10	rad21	251	157	0.628	2056.373232704814
chr	10	polr2a	251	78	0.312	2056.373232704814
chr	10	H3K9me3	251	55	0.21912350597609562	2056.373232704814
chr	10	h3k4me3	251	105	0.42338709677419356	2056.373232704814
chr	10	H3K4me1	251	127	0.5141700404858299	2056.373232704814
chr	10	H3K36me3	251	71	0.28286852589641437	2056.373232704814
chr	11	ctcf	279	197	0.7060931899641577	2187.584123489183
chr	11	smc3	279	168	0.6021505376344086	2187.584123489183
chr	11	rad21	279	171	0.6129032258064516	2187.584123489183
chr	11	polr2a	279	99	0.3574007220216607	2187.584123489183
chr	11	H3K9me3	279	52	0.1863799283154122	2187.584123489183
chr	11	h3k4me3	279	124	0.4492753623188406	2187.584123489183
chr	11	H3K4me1	279	142	0.5201465201465202	2187.584123489183
chr	11	H3K36me3	279	85	0.3057553956834532	2187.584123489183
chr	12	ctcf	252	180	0.72	2204.2521302101673
chr	12	smc3	252	162	0.6454183266932271	2204.2521302101673
chr	12	rad21	252	170	0.6746031746031746	2204.2521302101673
chr	12	polr2a	252	90	0.35714285714285715	2204.2521302101673
chr	12	H3K9me3	252	52	0.20634920634920634	2204.2521302101673
chr	12	h3k4me3	252	116	0.46963562753036436	2204.2521302101673
chr	12	H3K4me1	252	246	1.0	2204.2521302101673
chr	12	H3K36me3	252	250	1.0	2204.2521302101673
chr	13	ctcf	171	110	0.6432748538011696	-12.083498510889115
chr	13	smc3	171	93	0.543859649122807	-12.083498510889115
chr	13	rad21	171	94	0.5497076023391813	-12.083498510889115
chr	13	polr2a	171	36	0.21052631578947367	-12.083498510889115
chr	13	H3K9me3	171	28	0.16470588235294117	-12.083498510889115
chr	13	h3k4me3	171	50	0.2958579881656805	-12.083498510889115
chr	13	H3K4me1	171	72	0.42105263157894735	-12.083498510889115
chr	13	H3K36me3	171	35	0.2046783625730994	-12.083498510889115
chr	14	ctcf	149	99	0.6644295302013423	138.5605225521941
chr	14	smc3	149	85	0.5704697986577181	138.5605225521941
chr	14	rad21	149	90	0.6040268456375839	138.5605225521941
chr	14	polr2a	149	52	0.35135135135135137	138.5605225521941
chr	14	H3K9me3	149	39	0.26174496644295303	138.5605225521941
chr	14	h3k4me3	149	62	0.4189189189189189	138.5605225521941
chr	14	H3K4me1	149	84	0.5675675675675675	138.5605225521941
chr	14	H3K36me3	149	57	0.3825503355704698	138.5605225521941
chr	15	ctcf	142	101	0.7163120567375887	-58.08954301291817
chr	15	smc3	142	89	0.6312056737588653	-58.08954301291817
chr	15	rad21	142	85	0.5985915492957746	-58.08954301291817
chr	15	polr2a	142	60	0.425531914893617	-58.08954301291817
chr	15	H3K9me3	142	28	0.19858156028368795	-58.08954301291817
chr	15	h3k4me3	142	70	0.5072463768115942	-58.08954301291817
chr	15	H3K4me1	142	85	0.6159420289855072	-58.08954301291817
chr	15	H3K36me3	142	50	0.352112676056338	-58.08954301291817
chr	16	ctcf	136	136	1.0	788.5239129189787
chr	16	smc3	136	74	0.5481481481481482	788.5239129189787
chr	16	rad21	136	74	0.5441176470588235	788.5239129189787
chr	16	polr2a	136	134	1.0	788.5239129189787
chr	16	H3K9me3	136	21	0.15441176470588236	788.5239129189787
chr	16	h3k4me3	136	59	0.44360902255639095	788.5239129189787
chr	16	H3K4me1	136	131	1.0	788.5239129189787
chr	16	H3K36me3	136	134	1.0	788.5239129189787
chr	17	ctcf	179	146	0.8156424581005587	1974.4909912450914
chr	17	smc3	179	123	0.6871508379888268	1974.4909912450914
chr	17	rad21	179	128	0.7191011235955056	1974.4909912450914
chr	17	polr2a	179	101	0.5771428571428572	1974.4909912450914
chr	17	H3K9me3	179	36	0.2011173184357542	1974.4909912450914
chr	17	h3k4me3	179	110	0.6358381502890174	1974.4909912450914
chr	17	H3K4me1	179	127	0.7298850574712644	1974.4909912450914
chr	17	H3K36me3	179	84	0.4827586206896552	1974.4909912450914
chr	18	ctcf	134	94	0.706766917293233	766.1098952819221
chr	18	smc3	134	77	0.5746268656716418	766.1098952819221
chr	18	rad21	134	81	0.6044776119402985	766.1098952819221
chr	18	polr2a	134	39	0.2932330827067669	766.1098952819221
chr	18	H3K9me3	134	32	0.23880597014925373	766.1098952819221
chr	18	h3k4me3	134	50	0.373134328358209	766.1098952819221
chr	18	H3K4me1	134	61	0.46564885496183206	766.1098952819221
chr	18	H3K36me3	134	39	0.291044776119403	766.1098952819221
chr	19	ctcf	105	84	0.8	2980.80626625527
chr	19	smc3	105	79	0.7523809523809524	2980.80626625527
chr	19	rad21	105	74	0.7115384615384616	2980.80626625527
chr	19	polr2a	105	71	0.6826923076923077	2980.80626625527
chr	19	H3K9me3	105	31	0.2980769230769231	2980.80626625527
chr	19	h3k4me3	105	77	0.77	2980.80626625527
chr	19	H3K4me1	105	68	0.6666666666666666	2980.80626625527
chr	19	H3K36me3	105	61	0.5865384615384616	2980.80626625527
chr	20	ctcf	117	96	0.8275862068965517	1048.2377858969735
chr	20	smc3	117	87	0.75	1048.2377858969735
chr	20	rad21	117	88	0.7521367521367521	1048.2377858969735
chr	20	polr2a	117	50	0.42735042735042733	1048.2377858969735
chr	20	H3K9me3	117	19	0.1623931623931624	1048.2377858969735
chr	20	h3k4me3	117	57	0.5	1048.2377858969735
chr	20	H3K4me1	117	70	0.625	1048.2377858969735
chr	20	H3K36me3	117	47	0.4017094017094017	1048.2377858969735
chr	21	ctcf	76	35	0.4605263157894737	534.8168172285073
chr	21	smc3	76	32	0.42105263157894735	534.8168172285073
chr	21	rad21	76	29	0.3815789473684211	534.8168172285073
chr	21	polr2a	76	19	0.25	534.8168172285073
chr	21	H3K9me3	76	11	0.14473684210526316	534.8168172285073
chr	21	h3k4me3	76	25	0.32894736842105265	534.8168172285073
chr	21	H3K4me1	76	31	0.40789473684210525	534.8168172285073
chr	21	H3K36me3	76	14	0.18421052631578946	534.8168172285073
chr	22	ctcf	75	56	0.7466666666666667	123.27753085400116
chr	22	smc3	75	50	0.6666666666666666	123.27753085400116
chr	22	rad21	75	50	0.6666666666666666	123.27753085400116
chr	22	polr2a	75	41	0.5540540540540541	123.27753085400116
chr	22	H3K9me3	75	14	0.18666666666666668	123.27753085400116
chr	22	h3k4me3	75	42	0.5753424657534246	123.27753085400116
chr	22	H3K4me1	75	49	0.6712328767123288	123.27753085400116
chr	22	H3K36me3	75	29	0.3918918918918919	123.27753085400116
