chr	1	ctcf	427	218	0.5129411764705882	300.11628721419754
chr	1	smc3	427	172	0.40375586854460094	300.11628721419754
chr	1	rad21	427	178	0.4168618266978923	300.11628721419754
chr	1	polr2a	427	117	0.2785714285714286	300.11628721419754
chr	1	H3K9me3	427	51	0.11943793911007025	300.11628721419754
chr	1	h3k4me3	427	139	0.3317422434367542	300.11628721419754
chr	1	H3K4me1	427	168	0.4057971014492754	300.11628721419754
chr	1	H3K36me3	427	96	0.22802850356294538	300.11628721419754
chr	2	ctcf	449	448	1.0	1876.1800264234935
chr	2	smc3	449	143	0.319910514541387	1876.1800264234935
chr	2	rad21	449	445	1.0	1876.1800264234935
chr	2	polr2a	449	85	0.18930957683741648	1876.1800264234935
chr	2	H3K9me3	449	48	0.10690423162583519	1876.1800264234935
chr	2	h3k4me3	449	117	0.2635135135135135	1876.1800264234935
chr	2	H3K4me1	449	144	0.32801822323462415	1876.1800264234935
chr	2	H3K36me3	449	69	0.15401785714285715	1876.1800264234935
chr	3	ctcf	350	177	0.5100864553314121	1857.6927020408461
chr	3	smc3	350	135	0.38571428571428573	1857.6927020408461
chr	3	rad21	350	145	0.4154727793696275	1857.6927020408461
chr	3	polr2a	350	72	0.20630372492836677	1857.6927020408461
chr	3	H3K9me3	350	51	0.1457142857142857	1857.6927020408461
chr	3	h3k4me3	350	83	0.24057971014492754	1857.6927020408461
chr	3	H3K4me1	350	119	0.3469387755102041	1857.6927020408461
chr	3	H3K36me3	350	70	0.20114942528735633	1857.6927020408461
chr	4	ctcf	388	139	0.3582474226804124	1641.5527142658425
chr	4	smc3	388	99	0.2551546391752577	1641.5527142658425
chr	4	rad21	388	114	0.29381443298969073	1641.5527142658425
chr	4	polr2a	388	50	0.12953367875647667	1641.5527142658425
chr	4	H3K9me3	388	31	0.07989690721649484	1641.5527142658425
chr	4	h3k4me3	388	65	0.16839378238341968	1641.5527142658425
chr	4	H3K4me1	388	88	0.22739018087855298	1641.5527142658425
chr	4	H3K36me3	388	35	0.09020618556701031	1641.5527142658425
chr	5	ctcf	311	137	0.4405144694533762	1671.4635113405484
chr	5	smc3	311	106	0.3419354838709677	1671.4635113405484
chr	5	rad21	311	108	0.34726688102893893	1671.4635113405484
chr	5	polr2a	311	60	0.19292604501607716	1671.4635113405484
chr	5	H3K9me3	311	31	0.09967845659163987	1671.4635113405484
chr	5	h3k4me3	311	77	0.24838709677419354	1671.4635113405484
chr	5	H3K4me1	311	96	0.3127035830618892	1671.4635113405484
chr	5	H3K36me3	311	57	0.1832797427652733	1671.4635113405484
chr	6	ctcf	364	170	0.4696132596685083	1727.74210104191
chr	6	smc3	364	123	0.3416666666666667	1727.74210104191
chr	6	rad21	364	138	0.38016528925619836	1727.74210104191
chr	6	polr2a	364	75	0.2066115702479339	1727.74210104191
chr	6	H3K9me3	364	47	0.12947658402203857	1727.74210104191
chr	6	h3k4me3	364	96	0.26666666666666666	1727.74210104191
chr	6	H3K4me1	364	136	0.38309859154929576	1727.74210104191
chr	6	H3K36me3	364	61	0.16897506925207756	1727.74210104191
chr	7	ctcf	284	148	0.5211267605633803	1510.9680007375566
chr	7	smc3	284	102	0.3591549295774648	1510.9680007375566
chr	7	rad21	284	114	0.4014084507042254	1510.9680007375566
chr	7	polr2a	284	74	0.2624113475177305	1510.9680007375566
chr	7	H3K9me3	284	40	0.14084507042253522	1510.9680007375566
chr	7	h3k4me3	284	78	0.2775800711743772	1510.9680007375566
chr	7	H3K4me1	284	96	0.34408602150537637	1510.9680007375566
chr	7	H3K36me3	284	48	0.1708185053380783	1510.9680007375566
chr	8	ctcf	280	115	0.4107142857142857	1702.3269825343725
chr	8	smc3	280	102	0.36428571428571427	1702.3269825343725
chr	8	rad21	280	104	0.37142857142857144	1702.3269825343725
chr	8	polr2a	280	40	0.14285714285714285	1702.3269825343725
chr	8	H3K9me3	280	32	0.11428571428571428	1702.3269825343725
chr	8	h3k4me3	280	57	0.20503597122302158	1702.3269825343725
chr	8	H3K4me1	280	80	0.2888086642599278	1702.3269825343725
chr	8	H3K36me3	280	43	0.1552346570397112	1702.3269825343725
chr	9	ctcf	234	234	1.0	30.558333835089456
chr	9	smc3	234	91	0.3888888888888889	30.558333835089456
chr	9	rad21	234	92	0.39316239316239315	30.558333835089456
chr	9	polr2a	234	55	0.23504273504273504	30.558333835089456
chr	9	H3K9me3	234	22	0.09401709401709402	30.558333835089456
chr	9	h3k4me3	234	69	0.2987012987012987	30.558333835089456
chr	9	H3K4me1	234	93	0.4025974025974026	30.558333835089456
chr	9	H3K36me3	234	53	0.23043478260869565	30.558333835089456
chr	10	ctcf	251	138	0.549800796812749	2056.373232704814
chr	10	smc3	251	105	0.41832669322709165	2056.373232704814
chr	10	rad21	251	108	0.432	2056.373232704814
chr	10	polr2a	251	48	0.192	2056.373232704814
chr	10	H3K9me3	251	41	0.16334661354581673	2056.373232704814
chr	10	h3k4me3	251	71	0.2862903225806452	2056.373232704814
chr	10	H3K4me1	251	94	0.3805668016194332	2056.373232704814
chr	10	H3K36me3	251	50	0.199203187250996	2056.373232704814
chr	11	ctcf	279	142	0.5089605734767025	2187.584123489183
chr	11	smc3	279	114	0.40860215053763443	2187.584123489183
chr	11	rad21	279	119	0.4265232974910394	2187.584123489183
chr	11	polr2a	279	66	0.23826714801444043	2187.584123489183
chr	11	H3K9me3	279	25	0.08960573476702509	2187.584123489183
chr	11	h3k4me3	279	94	0.34057971014492755	2187.584123489183
chr	11	H3K4me1	279	105	0.38461538461538464	2187.584123489183
chr	11	H3K36me3	279	63	0.22661870503597123	2187.584123489183
chr	12	ctcf	252	119	0.476	2204.2521302101673
chr	12	smc3	252	98	0.3904382470119522	2204.2521302101673
chr	12	rad21	252	102	0.40476190476190477	2204.2521302101673
chr	12	polr2a	252	60	0.23809523809523808	2204.2521302101673
chr	12	H3K9me3	252	35	0.1388888888888889	2204.2521302101673
chr	12	h3k4me3	252	82	0.3319838056680162	2204.2521302101673
chr	12	H3K4me1	252	161	0.6544715447154471	2204.2521302101673
chr	12	H3K36me3	252	136	0.544	2204.2521302101673
chr	13	ctcf	171	71	0.4152046783625731	-12.083498510889115
chr	13	smc3	171	51	0.2982456140350877	-12.083498510889115
chr	13	rad21	171	55	0.3216374269005848	-12.083498510889115
chr	13	polr2a	171	21	0.12280701754385964	-12.083498510889115
chr	13	H3K9me3	171	21	0.12352941176470589	-12.083498510889115
chr	13	h3k4me3	171	31	0.1834319526627219	-12.083498510889115
chr	13	H3K4me1	171	48	0.2807017543859649	-12.083498510889115
chr	13	H3K36me3	171	25	0.14619883040935672	-12.083498510889115
chr	14	ctcf	149	69	0.46308724832214765	138.5605225521941
chr	14	smc3	149	57	0.3825503355704698	138.5605225521941
chr	14	rad21	149	57	0.3825503355704698	138.5605225521941
chr	14	polr2a	149	34	0.22972972972972974	138.5605225521941
chr	14	H3K9me3	149	21	0.14093959731543623	138.5605225521941
chr	14	h3k4me3	149	42	0.28378378378378377	138.5605225521941
chr	14	H3K4me1	149	62	0.4189189189189189	138.5605225521941
chr	14	H3K36me3	149	40	0.2684563758389262	138.5605225521941
chr	15	ctcf	142	72	0.5106382978723404	-58.08954301291817
chr	15	smc3	142	61	0.4326241134751773	-58.08954301291817
chr	15	rad21	142	57	0.4014084507042254	-58.08954301291817
chr	15	polr2a	142	39	0.2765957446808511	-58.08954301291817
chr	15	H3K9me3	142	17	0.12056737588652482	-58.08954301291817
chr	15	h3k4me3	142	47	0.34057971014492755	-58.08954301291817
chr	15	H3K4me1	142	66	0.4782608695652174	-58.08954301291817
chr	15	H3K36me3	142	38	0.2676056338028169	-58.08954301291817
chr	16	ctcf	136	136	1.0	788.5239129189787
chr	16	smc3	136	52	0.3851851851851852	788.5239129189787
chr	16	rad21	136	51	0.375	788.5239129189787
chr	16	polr2a	136	43	0.3208955223880597	788.5239129189787
chr	16	H3K9me3	136	13	0.09558823529411764	788.5239129189787
chr	16	h3k4me3	136	48	0.3609022556390977	788.5239129189787
chr	16	H3K4me1	136	56	0.42748091603053434	788.5239129189787
chr	16	H3K36me3	136	31	0.23134328358208955	788.5239129189787
chr	17	ctcf	179	99	0.553072625698324	1974.4909912450914
chr	17	smc3	179	77	0.4301675977653631	1974.4909912450914
chr	17	rad21	179	82	0.4606741573033708	1974.4909912450914
chr	17	polr2a	179	68	0.38857142857142857	1974.4909912450914
chr	17	H3K9me3	179	20	0.11173184357541899	1974.4909912450914
chr	17	h3k4me3	179	77	0.44508670520231214	1974.4909912450914
chr	17	H3K4me1	179	95	0.5459770114942529	1974.4909912450914
chr	17	H3K36me3	179	57	0.3275862068965517	1974.4909912450914
chr	18	ctcf	134	62	0.46616541353383456	766.1098952819221
chr	18	smc3	134	47	0.35074626865671643	766.1098952819221
chr	18	rad21	134	51	0.3805970149253731	766.1098952819221
chr	18	polr2a	134	26	0.19548872180451127	766.1098952819221
chr	18	H3K9me3	134	20	0.14925373134328357	766.1098952819221
chr	18	h3k4me3	134	36	0.26865671641791045	766.1098952819221
chr	18	H3K4me1	134	47	0.35877862595419846	766.1098952819221
chr	18	H3K36me3	134	25	0.1865671641791045	766.1098952819221
chr	19	ctcf	105	70	0.6666666666666666	2980.80626625527
chr	19	smc3	105	59	0.5619047619047619	2980.80626625527
chr	19	rad21	105	55	0.5288461538461539	2980.80626625527
chr	19	polr2a	105	59	0.5673076923076923	2980.80626625527
chr	19	H3K9me3	105	20	0.19230769230769232	2980.80626625527
chr	19	h3k4me3	105	58	0.58	2980.80626625527
chr	19	H3K4me1	105	59	0.5784313725490197	2980.80626625527
chr	19	H3K36me3	105	48	0.46153846153846156	2980.80626625527
chr	20	ctcf	117	74	0.6379310344827587	1048.2377858969735
chr	20	smc3	117	58	0.5	1048.2377858969735
chr	20	rad21	117	59	0.5042735042735043	1048.2377858969735
chr	20	polr2a	117	41	0.3504273504273504	1048.2377858969735
chr	20	H3K9me3	117	10	0.08547008547008547	1048.2377858969735
chr	20	h3k4me3	117	46	0.40350877192982454	1048.2377858969735
chr	20	H3K4me1	117	50	0.44642857142857145	1048.2377858969735
chr	20	H3K36me3	117	41	0.3504273504273504	1048.2377858969735
chr	21	ctcf	76	26	0.34210526315789475	534.8168172285073
chr	21	smc3	76	22	0.2894736842105263	534.8168172285073
chr	21	rad21	76	21	0.27631578947368424	534.8168172285073
chr	21	polr2a	76	16	0.21052631578947367	534.8168172285073
chr	21	H3K9me3	76	7	0.09210526315789473	534.8168172285073
chr	21	h3k4me3	76	21	0.27631578947368424	534.8168172285073
chr	21	H3K4me1	76	23	0.3026315789473684	534.8168172285073
chr	21	H3K36me3	76	8	0.10526315789473684	534.8168172285073
chr	22	ctcf	75	42	0.56	123.27753085400116
chr	22	smc3	75	30	0.4	123.27753085400116
chr	22	rad21	75	32	0.4266666666666667	123.27753085400116
chr	22	polr2a	75	28	0.3783783783783784	123.27753085400116
chr	22	H3K9me3	75	8	0.10666666666666667	123.27753085400116
chr	22	h3k4me3	75	27	0.3698630136986301	123.27753085400116
chr	22	H3K4me1	75	37	0.5068493150684932	123.27753085400116
chr	22	H3K36me3	75	16	0.21621621621621623	123.27753085400116
