chr	1	ctcf	217	130	0.5990783410138248	84.8134918017519
chr	1	smc3	217	96	0.4444444444444444	84.8134918017519
chr	1	rad21	217	101	0.46543778801843316	84.8134918017519
chr	1	polr2a	217	74	0.34101382488479265	84.8134918017519
chr	1	H3K9me3	217	21	0.0967741935483871	84.8134918017519
chr	1	h3k4me3	217	74	0.35071090047393366	84.8134918017519
chr	1	H3K4me1	217	98	0.46226415094339623	84.8134918017519
chr	1	H3K36me3	217	70	0.32558139534883723	84.8134918017519
chr	2	ctcf	115	115	1.0	-18.055535546987883
chr	2	smc3	115	45	0.391304347826087	-18.055535546987883
chr	2	rad21	115	115	1.0	-18.055535546987883
chr	2	polr2a	115	25	0.21739130434782608	-18.055535546987883
chr	2	H3K9me3	115	12	0.10434782608695652	-18.055535546987883
chr	2	h3k4me3	115	36	0.3130434782608696	-18.055535546987883
chr	2	H3K4me1	115	36	0.3157894736842105	-18.055535546987883
chr	2	H3K36me3	115	27	0.23478260869565218	-18.055535546987883
chr	3	ctcf	211	124	0.5904761904761905	346.9543623371036
chr	3	smc3	211	95	0.45454545454545453	346.9543623371036
chr	3	rad21	211	108	0.5167464114832536	346.9543623371036
chr	3	polr2a	211	60	0.2843601895734597	346.9543623371036
chr	3	H3K9me3	211	35	0.16666666666666666	346.9543623371036
chr	3	h3k4me3	211	62	0.30392156862745096	346.9543623371036
chr	3	H3K4me1	211	83	0.41089108910891087	346.9543623371036
chr	3	H3K36me3	211	61	0.2904761904761905	346.9543623371036
chr	4	ctcf	292	135	0.4623287671232877	903.0224487810416
chr	4	smc3	292	102	0.3493150684931507	903.0224487810416
chr	4	rad21	292	121	0.4143835616438356	903.0224487810416
chr	4	polr2a	292	46	0.15862068965517243	903.0224487810416
chr	4	H3K9me3	292	25	0.08561643835616438	903.0224487810416
chr	4	h3k4me3	292	60	0.20689655172413793	903.0224487810416
chr	4	H3K4me1	292	68	0.23367697594501718	903.0224487810416
chr	4	H3K36me3	292	30	0.10344827586206896	903.0224487810416
chr	5	ctcf	141	73	0.5214285714285715	-1.918661304510124
chr	5	smc3	141	61	0.4357142857142857	-1.918661304510124
chr	5	rad21	141	63	0.45	-1.918661304510124
chr	5	polr2a	141	43	0.30935251798561153	-1.918661304510124
chr	5	H3K9me3	141	13	0.09219858156028368	-1.918661304510124
chr	5	h3k4me3	141	58	0.4142857142857143	-1.918661304510124
chr	5	H3K4me1	141	57	0.40425531914893614	-1.918661304510124
chr	5	H3K36me3	141	41	0.29285714285714287	-1.918661304510124
chr	6	ctcf	200	97	0.48743718592964824	389.6248832851405
chr	6	smc3	200	75	0.375	389.6248832851405
chr	6	rad21	200	77	0.385	389.6248832851405
chr	6	polr2a	200	45	0.22959183673469388	389.6248832851405
chr	6	H3K9me3	200	17	0.085	389.6248832851405
chr	6	h3k4me3	200	61	0.3112244897959184	389.6248832851405
chr	6	H3K4me1	200	56	0.28426395939086296	389.6248832851405
chr	6	H3K36me3	200	38	0.19	389.6248832851405
chr	7	ctcf	145	81	0.5586206896551724	138.9079465417067
chr	7	smc3	145	57	0.3931034482758621	138.9079465417067
chr	7	rad21	145	68	0.4689655172413793	138.9079465417067
chr	7	polr2a	145	40	0.2777777777777778	138.9079465417067
chr	7	H3K9me3	145	14	0.09655172413793103	138.9079465417067
chr	7	h3k4me3	145	46	0.3262411347517731	138.9079465417067
chr	7	H3K4me1	145	57	0.3931034482758621	138.9079465417067
chr	7	H3K36me3	145	26	0.1793103448275862	138.9079465417067
chr	8	ctcf	156	76	0.48717948717948717	591.0914572425229
chr	8	smc3	156	58	0.3717948717948718	591.0914572425229
chr	8	rad21	156	57	0.36538461538461536	591.0914572425229
chr	8	polr2a	156	34	0.21794871794871795	591.0914572425229
chr	8	H3K9me3	156	12	0.07692307692307693	591.0914572425229
chr	8	h3k4me3	156	37	0.24183006535947713	591.0914572425229
chr	8	H3K4me1	156	55	0.3548387096774194	591.0914572425229
chr	8	H3K36me3	156	30	0.19480519480519481	591.0914572425229
chr	9	ctcf	89	89	1.0	57.84619401711517
chr	9	smc3	89	37	0.4157303370786517	57.84619401711517
chr	9	rad21	89	35	0.39325842696629215	57.84619401711517
chr	9	polr2a	89	27	0.30337078651685395	57.84619401711517
chr	9	H3K9me3	89	14	0.15730337078651685	57.84619401711517
chr	9	h3k4me3	89	37	0.4157303370786517	57.84619401711517
chr	9	H3K4me1	89	43	0.48314606741573035	57.84619401711517
chr	9	H3K36me3	89	26	0.3058823529411765	57.84619401711517
chr	10	ctcf	93	63	0.6774193548387096	1.1803636752342186
chr	10	smc3	93	46	0.4946236559139785	1.1803636752342186
chr	10	rad21	93	51	0.5483870967741935	1.1803636752342186
chr	10	polr2a	93	34	0.3655913978494624	1.1803636752342186
chr	10	H3K9me3	93	11	0.11827956989247312	1.1803636752342186
chr	10	h3k4me3	93	44	0.4782608695652174	1.1803636752342186
chr	10	H3K4me1	93	51	0.5483870967741935	1.1803636752342186
chr	10	H3K36me3	93	38	0.40860215053763443	1.1803636752342186
chr	11	ctcf	77	47	0.6103896103896104	444.5314846003292
chr	11	smc3	77	40	0.5194805194805194	444.5314846003292
chr	11	rad21	77	39	0.5064935064935064	444.5314846003292
chr	11	polr2a	77	21	0.2727272727272727	444.5314846003292
chr	11	H3K9me3	77	8	0.1038961038961039	444.5314846003292
chr	11	h3k4me3	77	23	0.3026315789473684	444.5314846003292
chr	11	H3K4me1	77	21	0.28	444.5314846003292
chr	11	H3K36me3	77	20	0.2597402597402597	444.5314846003292
chr	12	ctcf	132	82	0.6212121212121212	303.6107970714362
chr	12	smc3	132	65	0.49242424242424243	303.6107970714362
chr	12	rad21	132	68	0.5151515151515151	303.6107970714362
chr	12	polr2a	132	40	0.3076923076923077	303.6107970714362
chr	12	H3K9me3	132	13	0.09848484848484848	303.6107970714362
chr	12	h3k4me3	132	51	0.38636363636363635	303.6107970714362
chr	12	H3K4me1	132	92	0.7131782945736435	303.6107970714362
chr	12	H3K36me3	132	97	0.7404580152671756	303.6107970714362
chr	13	ctcf	7	0	0.0	45.392389294196505
chr	13	smc3	7	0	0.0	45.392389294196505
chr	13	rad21	7	0	0.0	45.392389294196505
chr	13	polr2a	7	0	0.0	45.392389294196505
chr	13	H3K9me3	7	0	0.0	45.392389294196505
chr	13	h3k4me3	7	0	0.0	45.392389294196505
chr	13	H3K4me1	7	0	0.0	45.392389294196505
chr	13	H3K36me3	7	0	0.0	45.392389294196505
chr	14	ctcf	112	74	0.6607142857142857	285.87174738526187
chr	14	smc3	112	50	0.44642857142857145	285.87174738526187
chr	14	rad21	112	57	0.5135135135135135	285.87174738526187
chr	14	polr2a	112	43	0.39090909090909093	285.87174738526187
chr	14	H3K9me3	112	18	0.16071428571428573	285.87174738526187
chr	14	h3k4me3	112	48	0.43636363636363634	285.87174738526187
chr	14	H3K4me1	112	55	0.49107142857142855	285.87174738526187
chr	14	H3K36me3	112	43	0.38738738738738737	285.87174738526187
chr	15	ctcf	122	64	0.5333333333333333	132.03282250308547
chr	15	smc3	122	48	0.4	132.03282250308547
chr	15	rad21	122	51	0.4214876033057851	132.03282250308547
chr	15	polr2a	122	40	0.32786885245901637	132.03282250308547
chr	15	H3K9me3	122	7	0.05737704918032787	132.03282250308547
chr	15	h3k4me3	122	53	0.4380165289256198	132.03282250308547
chr	15	H3K4me1	122	67	0.5583333333333333	132.03282250308547
chr	15	H3K36me3	122	32	0.2644628099173554	132.03282250308547
chr	16	ctcf	59	59	1.0	117.64233557354733
chr	16	smc3	59	25	0.423728813559322	117.64233557354733
chr	16	rad21	59	26	0.4406779661016949	117.64233557354733
chr	16	polr2a	59	22	0.39285714285714285	117.64233557354733
chr	16	H3K9me3	59	5	0.0847457627118644	117.64233557354733
chr	16	h3k4me3	59	23	0.42592592592592593	117.64233557354733
chr	16	H3K4me1	59	26	0.48148148148148145	117.64233557354733
chr	16	H3K36me3	59	23	0.3898305084745763	117.64233557354733
chr	17	ctcf	109	67	0.6146788990825688	940.2025921870809
chr	17	smc3	109	47	0.43119266055045874	940.2025921870809
chr	17	rad21	109	52	0.47706422018348627	940.2025921870809
chr	17	polr2a	109	39	0.3611111111111111	940.2025921870809
chr	17	H3K9me3	109	4	0.03669724770642202	940.2025921870809
chr	17	h3k4me3	109	48	0.46153846153846156	940.2025921870809
chr	17	H3K4me1	109	58	0.58	940.2025921870809
chr	17	H3K36me3	109	32	0.3018867924528302	940.2025921870809
chr	18	ctcf	19	4	0.21052631578947367	186.1569531165822
chr	18	smc3	19	2	0.10526315789473684	186.1569531165822
chr	18	rad21	19	2	0.10526315789473684	186.1569531165822
chr	18	polr2a	19	0	0.0	186.1569531165822
chr	18	H3K9me3	19	0	0.0	186.1569531165822
chr	18	h3k4me3	19	1	0.05263157894736842	186.1569531165822
chr	18	H3K4me1	19	1	0.05263157894736842	186.1569531165822
chr	18	H3K36me3	19	0	0.0	186.1569531165822
chr	19	ctcf	81	65	0.8024691358024691	1698.8595321059893
chr	19	smc3	81	60	0.7407407407407407	1698.8595321059893
chr	19	rad21	81	58	0.7160493827160493	1698.8595321059893
chr	19	polr2a	81	51	0.6296296296296297	1698.8595321059893
chr	19	H3K9me3	81	18	0.2222222222222222	1698.8595321059893
chr	19	h3k4me3	81	50	0.6666666666666666	1698.8595321059893
chr	19	H3K4me1	81	54	0.6835443037974683	1698.8595321059893
chr	19	H3K36me3	81	39	0.5	1698.8595321059893
chr	20	ctcf	8	3	0.375	229.58613678112124
chr	20	smc3	8	1	0.125	229.58613678112124
chr	20	rad21	8	0	0.0	229.58613678112124
chr	20	polr2a	8	1	0.125	229.58613678112124
chr	20	H3K9me3	8	0	0.0	229.58613678112124
chr	20	h3k4me3	8	1	0.125	229.58613678112124
chr	20	H3K4me1	8	0	0.0	229.58613678112124
chr	20	H3K36me3	8	0	0.0	229.58613678112124
chr	21	ctcf	60	27	0.45	360.97113800488603
chr	21	smc3	60	20	0.3333333333333333	360.97113800488603
chr	21	rad21	60	18	0.3	360.97113800488603
chr	21	polr2a	60	17	0.2833333333333333	360.97113800488603
chr	21	H3K9me3	60	12	0.2	360.97113800488603
chr	21	h3k4me3	60	17	0.2833333333333333	360.97113800488603
chr	21	H3K4me1	60	19	0.31666666666666665	360.97113800488603
chr	21	H3K36me3	60	10	0.1694915254237288	360.97113800488603
chr	22	ctcf	61	35	0.5737704918032787	244.08627431132152
chr	22	smc3	61	24	0.39344262295081966	244.08627431132152
chr	22	rad21	61	26	0.4262295081967213	244.08627431132152
chr	22	polr2a	61	23	0.3898305084745763	244.08627431132152
chr	22	H3K9me3	61	3	0.04918032786885246	244.08627431132152
chr	22	h3k4me3	61	18	0.3050847457627119	244.08627431132152
chr	22	H3K4me1	61	24	0.42105263157894735	244.08627431132152
chr	22	H3K36me3	61	21	0.35	244.08627431132152
