0.000000000000000000e+00
0.000000000000000000e+00
0.000000000000000000e+00
0.000000000000000000e+00
0.000000000000000000e+00
0.000000000000000000e+00
0.000000000000000000e+00
0.000000000000000000e+00
0.000000000000000000e+00
9.000000000000000000e+00
9.000000000000000000e+00
9.000000000000000000e+00
9.000000000000000000e+00
9.000000000000000000e+00
9.000000000000000000e+00
9.000000000000000000e+00
9.000000000000000000e+00
9.000000000000000000e+00
9.000000000000000000e+00
9.000000000000000000e+00
2.000000000000000000e+01
2.000000000000000000e+01
2.200000000000000000e+01
2.200000000000000000e+01
2.200000000000000000e+01
2.500000000000000000e+01
2.600000000000000000e+01
2.700000000000000000e+01
2.700000000000000000e+01
2.700000000000000000e+01
2.700000000000000000e+01
2.700000000000000000e+01
2.700000000000000000e+01
2.700000000000000000e+01
2.700000000000000000e+01
2.700000000000000000e+01
2.700000000000000000e+01
2.700000000000000000e+01
2.700000000000000000e+01
2.700000000000000000e+01
2.700000000000000000e+01
2.700000000000000000e+01
2.700000000000000000e+01
4.300000000000000000e+01
4.400000000000000000e+01
4.400000000000000000e+01
4.400000000000000000e+01
4.400000000000000000e+01
4.400000000000000000e+01
4.400000000000000000e+01
4.400000000000000000e+01
4.400000000000000000e+01
4.400000000000000000e+01
4.400000000000000000e+01
4.400000000000000000e+01
4.400000000000000000e+01
4.400000000000000000e+01
4.400000000000000000e+01
5.800000000000000000e+01
5.900000000000000000e+01
5.900000000000000000e+01
5.900000000000000000e+01
5.900000000000000000e+01
5.900000000000000000e+01
5.900000000000000000e+01
5.900000000000000000e+01
5.900000000000000000e+01
5.900000000000000000e+01
5.900000000000000000e+01
5.900000000000000000e+01
5.900000000000000000e+01
5.900000000000000000e+01
5.900000000000000000e+01
5.900000000000000000e+01
5.900000000000000000e+01
5.900000000000000000e+01
7.600000000000000000e+01
7.700000000000000000e+01
7.700000000000000000e+01
7.700000000000000000e+01
7.700000000000000000e+01
7.700000000000000000e+01
8.200000000000000000e+01
8.300000000000000000e+01
8.400000000000000000e+01
8.400000000000000000e+01
8.400000000000000000e+01
8.400000000000000000e+01
8.400000000000000000e+01
8.400000000000000000e+01
8.400000000000000000e+01
8.400000000000000000e+01
8.400000000000000000e+01
8.400000000000000000e+01
8.400000000000000000e+01
8.400000000000000000e+01
8.400000000000000000e+01
9.700000000000000000e+01
9.800000000000000000e+01
9.800000000000000000e+01
9.800000000000000000e+01
9.800000000000000000e+01
9.800000000000000000e+01
9.800000000000000000e+01
9.800000000000000000e+01
9.800000000000000000e+01
1.060000000000000000e+02
1.060000000000000000e+02
1.060000000000000000e+02
1.060000000000000000e+02
1.060000000000000000e+02
1.060000000000000000e+02
1.120000000000000000e+02
1.130000000000000000e+02
1.140000000000000000e+02
1.150000000000000000e+02
1.150000000000000000e+02
1.150000000000000000e+02
1.150000000000000000e+02
1.150000000000000000e+02
1.150000000000000000e+02
1.150000000000000000e+02
1.150000000000000000e+02
1.230000000000000000e+02
1.230000000000000000e+02
1.230000000000000000e+02
1.230000000000000000e+02
1.270000000000000000e+02
1.270000000000000000e+02
1.270000000000000000e+02
1.270000000000000000e+02
1.270000000000000000e+02
1.270000000000000000e+02
1.270000000000000000e+02
1.340000000000000000e+02
1.340000000000000000e+02
1.340000000000000000e+02
1.340000000000000000e+02
1.340000000000000000e+02
1.340000000000000000e+02
1.340000000000000000e+02
1.340000000000000000e+02
1.340000000000000000e+02
1.430000000000000000e+02
1.430000000000000000e+02
1.430000000000000000e+02
1.460000000000000000e+02
1.470000000000000000e+02
1.470000000000000000e+02
1.470000000000000000e+02
1.470000000000000000e+02
1.470000000000000000e+02
1.470000000000000000e+02
1.470000000000000000e+02
1.470000000000000000e+02
1.470000000000000000e+02
1.470000000000000000e+02
1.470000000000000000e+02
1.470000000000000000e+02
1.470000000000000000e+02
1.470000000000000000e+02
1.470000000000000000e+02
1.470000000000000000e+02
1.470000000000000000e+02
1.470000000000000000e+02
1.470000000000000000e+02
1.470000000000000000e+02
1.470000000000000000e+02
1.470000000000000000e+02
1.470000000000000000e+02
1.470000000000000000e+02
1.470000000000000000e+02
1.470000000000000000e+02
1.470000000000000000e+02
1.470000000000000000e+02
1.470000000000000000e+02
1.470000000000000000e+02
1.470000000000000000e+02
1.470000000000000000e+02
1.470000000000000000e+02
1.470000000000000000e+02
1.470000000000000000e+02
1.470000000000000000e+02
1.470000000000000000e+02
1.470000000000000000e+02
1.470000000000000000e+02
1.470000000000000000e+02
1.470000000000000000e+02
1.880000000000000000e+02
1.890000000000000000e+02
1.890000000000000000e+02
1.890000000000000000e+02
1.890000000000000000e+02
1.890000000000000000e+02
1.890000000000000000e+02
1.890000000000000000e+02
1.890000000000000000e+02
1.890000000000000000e+02
1.890000000000000000e+02
1.890000000000000000e+02
1.890000000000000000e+02
2.010000000000000000e+02
2.010000000000000000e+02
2.030000000000000000e+02
2.040000000000000000e+02
2.040000000000000000e+02
2.040000000000000000e+02
2.070000000000000000e+02
2.070000000000000000e+02
2.070000000000000000e+02
2.070000000000000000e+02
2.070000000000000000e+02
2.070000000000000000e+02
2.070000000000000000e+02
2.070000000000000000e+02
2.070000000000000000e+02
2.070000000000000000e+02
2.070000000000000000e+02
2.070000000000000000e+02
2.070000000000000000e+02
2.070000000000000000e+02
2.070000000000000000e+02
2.070000000000000000e+02
2.230000000000000000e+02
2.230000000000000000e+02
2.230000000000000000e+02
2.230000000000000000e+02
2.230000000000000000e+02
2.230000000000000000e+02
2.230000000000000000e+02
2.230000000000000000e+02
2.230000000000000000e+02
2.230000000000000000e+02
2.330000000000000000e+02
2.340000000000000000e+02
2.350000000000000000e+02
2.350000000000000000e+02
2.350000000000000000e+02
2.350000000000000000e+02
2.390000000000000000e+02
2.390000000000000000e+02
2.390000000000000000e+02
2.390000000000000000e+02
2.430000000000000000e+02
2.440000000000000000e+02
2.450000000000000000e+02
2.450000000000000000e+02
2.450000000000000000e+02
2.450000000000000000e+02
2.450000000000000000e+02
2.450000000000000000e+02
2.450000000000000000e+02
2.450000000000000000e+02
2.450000000000000000e+02
2.540000000000000000e+02
2.540000000000000000e+02
2.560000000000000000e+02
2.560000000000000000e+02
2.560000000000000000e+02
2.560000000000000000e+02
2.600000000000000000e+02
2.600000000000000000e+02
2.600000000000000000e+02
2.600000000000000000e+02
2.600000000000000000e+02
2.600000000000000000e+02
2.600000000000000000e+02
2.600000000000000000e+02
2.600000000000000000e+02
2.600000000000000000e+02
2.600000000000000000e+02
2.600000000000000000e+02
2.600000000000000000e+02
2.600000000000000000e+02
2.600000000000000000e+02
2.600000000000000000e+02
2.600000000000000000e+02
2.600000000000000000e+02
2.600000000000000000e+02
2.600000000000000000e+02
2.600000000000000000e+02
2.810000000000000000e+02
2.820000000000000000e+02
2.830000000000000000e+02
2.840000000000000000e+02
2.840000000000000000e+02
2.840000000000000000e+02
2.840000000000000000e+02
2.840000000000000000e+02
2.890000000000000000e+02
2.890000000000000000e+02
2.890000000000000000e+02
2.890000000000000000e+02
2.890000000000000000e+02
2.890000000000000000e+02
2.890000000000000000e+02
2.890000000000000000e+02
2.890000000000000000e+02
2.890000000000000000e+02
2.890000000000000000e+02
2.890000000000000000e+02
2.890000000000000000e+02
3.020000000000000000e+02
3.020000000000000000e+02
3.020000000000000000e+02
3.050000000000000000e+02
3.050000000000000000e+02
3.050000000000000000e+02
3.050000000000000000e+02
3.050000000000000000e+02
3.050000000000000000e+02
3.050000000000000000e+02
3.050000000000000000e+02
3.050000000000000000e+02
3.050000000000000000e+02
3.050000000000000000e+02
3.050000000000000000e+02
3.050000000000000000e+02
3.050000000000000000e+02
3.050000000000000000e+02
3.050000000000000000e+02
3.050000000000000000e+02
3.050000000000000000e+02
3.050000000000000000e+02
3.050000000000000000e+02
3.050000000000000000e+02
3.050000000000000000e+02
3.050000000000000000e+02
3.050000000000000000e+02
3.050000000000000000e+02
3.300000000000000000e+02
3.300000000000000000e+02
3.300000000000000000e+02
3.300000000000000000e+02
3.300000000000000000e+02
3.300000000000000000e+02
3.300000000000000000e+02
3.300000000000000000e+02
3.300000000000000000e+02
3.300000000000000000e+02
3.300000000000000000e+02
3.300000000000000000e+02
3.420000000000000000e+02
3.420000000000000000e+02
3.420000000000000000e+02
3.420000000000000000e+02
3.420000000000000000e+02
3.420000000000000000e+02
3.420000000000000000e+02
3.420000000000000000e+02
3.420000000000000000e+02
3.420000000000000000e+02
3.420000000000000000e+02
3.420000000000000000e+02
3.420000000000000000e+02
3.420000000000000000e+02
3.560000000000000000e+02
3.560000000000000000e+02
3.560000000000000000e+02
3.560000000000000000e+02
3.560000000000000000e+02
3.560000000000000000e+02
3.560000000000000000e+02
3.560000000000000000e+02
3.560000000000000000e+02
3.560000000000000000e+02
3.560000000000000000e+02
3.560000000000000000e+02
3.680000000000000000e+02
3.680000000000000000e+02
3.680000000000000000e+02
3.680000000000000000e+02
3.680000000000000000e+02
3.680000000000000000e+02
3.740000000000000000e+02
3.750000000000000000e+02
3.760000000000000000e+02
3.760000000000000000e+02
3.760000000000000000e+02
3.760000000000000000e+02
3.760000000000000000e+02
3.760000000000000000e+02
3.760000000000000000e+02
3.760000000000000000e+02
3.760000000000000000e+02
3.760000000000000000e+02
3.760000000000000000e+02
3.760000000000000000e+02
3.760000000000000000e+02
3.760000000000000000e+02
3.760000000000000000e+02
3.760000000000000000e+02
3.760000000000000000e+02
3.760000000000000000e+02
3.940000000000000000e+02
3.950000000000000000e+02
3.960000000000000000e+02
3.960000000000000000e+02
3.960000000000000000e+02
3.960000000000000000e+02
3.960000000000000000e+02
3.960000000000000000e+02
