0.000000000000000000e+00
0.000000000000000000e+00
0.000000000000000000e+00
0.000000000000000000e+00
0.000000000000000000e+00
0.000000000000000000e+00
0.000000000000000000e+00
0.000000000000000000e+00
0.000000000000000000e+00
9.000000000000000000e+00
9.000000000000000000e+00
9.000000000000000000e+00
9.000000000000000000e+00
9.000000000000000000e+00
9.000000000000000000e+00
9.000000000000000000e+00
9.000000000000000000e+00
9.000000000000000000e+00
9.000000000000000000e+00
9.000000000000000000e+00
2.000000000000000000e+01
2.000000000000000000e+01
2.200000000000000000e+01
2.200000000000000000e+01
2.200000000000000000e+01
2.200000000000000000e+01
2.200000000000000000e+01
2.200000000000000000e+01
2.800000000000000000e+01
2.800000000000000000e+01
2.800000000000000000e+01
2.800000000000000000e+01
2.800000000000000000e+01
2.800000000000000000e+01
2.800000000000000000e+01
2.800000000000000000e+01
2.800000000000000000e+01
2.800000000000000000e+01
2.800000000000000000e+01
2.800000000000000000e+01
2.800000000000000000e+01
2.800000000000000000e+01
2.800000000000000000e+01
4.300000000000000000e+01
4.400000000000000000e+01
4.400000000000000000e+01
4.400000000000000000e+01
4.400000000000000000e+01
4.400000000000000000e+01
4.400000000000000000e+01
4.400000000000000000e+01
4.400000000000000000e+01
4.400000000000000000e+01
4.400000000000000000e+01
4.400000000000000000e+01
4.400000000000000000e+01
4.400000000000000000e+01
4.400000000000000000e+01
5.800000000000000000e+01
5.900000000000000000e+01
5.900000000000000000e+01
5.900000000000000000e+01
5.900000000000000000e+01
5.900000000000000000e+01
5.900000000000000000e+01
5.900000000000000000e+01
5.900000000000000000e+01
5.900000000000000000e+01
5.900000000000000000e+01
5.900000000000000000e+01
5.900000000000000000e+01
5.900000000000000000e+01
5.900000000000000000e+01
5.900000000000000000e+01
5.900000000000000000e+01
5.900000000000000000e+01
7.600000000000000000e+01
7.700000000000000000e+01
7.700000000000000000e+01
7.700000000000000000e+01
7.700000000000000000e+01
7.700000000000000000e+01
7.700000000000000000e+01
7.700000000000000000e+01
8.400000000000000000e+01
8.400000000000000000e+01
8.400000000000000000e+01
8.400000000000000000e+01
8.400000000000000000e+01
8.400000000000000000e+01
8.400000000000000000e+01
8.400000000000000000e+01
8.400000000000000000e+01
8.400000000000000000e+01
8.400000000000000000e+01
8.400000000000000000e+01
8.400000000000000000e+01
8.400000000000000000e+01
8.400000000000000000e+01
8.400000000000000000e+01
8.400000000000000000e+01
8.400000000000000000e+01
8.400000000000000000e+01
8.400000000000000000e+01
8.400000000000000000e+01
8.400000000000000000e+01
1.060000000000000000e+02
1.060000000000000000e+02
1.060000000000000000e+02
1.060000000000000000e+02
1.060000000000000000e+02
1.060000000000000000e+02
1.060000000000000000e+02
1.060000000000000000e+02
1.060000000000000000e+02
1.060000000000000000e+02
1.060000000000000000e+02
1.060000000000000000e+02
1.060000000000000000e+02
1.060000000000000000e+02
1.060000000000000000e+02
1.060000000000000000e+02
1.060000000000000000e+02
1.230000000000000000e+02
1.230000000000000000e+02
1.230000000000000000e+02
1.230000000000000000e+02
1.270000000000000000e+02
1.270000000000000000e+02
1.270000000000000000e+02
1.270000000000000000e+02
1.270000000000000000e+02
1.270000000000000000e+02
1.270000000000000000e+02
1.270000000000000000e+02
1.350000000000000000e+02
1.350000000000000000e+02
1.350000000000000000e+02
1.350000000000000000e+02
1.350000000000000000e+02
1.350000000000000000e+02
1.410000000000000000e+02
1.420000000000000000e+02
1.430000000000000000e+02
1.430000000000000000e+02
1.430000000000000000e+02
1.460000000000000000e+02
1.470000000000000000e+02
1.470000000000000000e+02
1.470000000000000000e+02
1.470000000000000000e+02
1.470000000000000000e+02
1.470000000000000000e+02
1.470000000000000000e+02
1.470000000000000000e+02
1.470000000000000000e+02
1.470000000000000000e+02
1.470000000000000000e+02
1.470000000000000000e+02
1.470000000000000000e+02
1.470000000000000000e+02
1.470000000000000000e+02
1.470000000000000000e+02
1.470000000000000000e+02
1.470000000000000000e+02
1.470000000000000000e+02
1.470000000000000000e+02
1.470000000000000000e+02
1.470000000000000000e+02
1.470000000000000000e+02
1.470000000000000000e+02
1.470000000000000000e+02
1.470000000000000000e+02
1.470000000000000000e+02
1.470000000000000000e+02
1.470000000000000000e+02
1.470000000000000000e+02
1.470000000000000000e+02
1.470000000000000000e+02
1.470000000000000000e+02
1.470000000000000000e+02
1.470000000000000000e+02
1.470000000000000000e+02
1.470000000000000000e+02
1.470000000000000000e+02
1.470000000000000000e+02
1.470000000000000000e+02
1.470000000000000000e+02
1.880000000000000000e+02
1.880000000000000000e+02
1.900000000000000000e+02
1.900000000000000000e+02
1.900000000000000000e+02
1.900000000000000000e+02
1.900000000000000000e+02
1.900000000000000000e+02
1.900000000000000000e+02
1.900000000000000000e+02
1.900000000000000000e+02
1.990000000000000000e+02
1.990000000000000000e+02
1.990000000000000000e+02
1.990000000000000000e+02
2.030000000000000000e+02
2.030000000000000000e+02
2.030000000000000000e+02
2.030000000000000000e+02
2.070000000000000000e+02
2.070000000000000000e+02
2.070000000000000000e+02
2.070000000000000000e+02
2.070000000000000000e+02
2.070000000000000000e+02
2.070000000000000000e+02
2.070000000000000000e+02
2.070000000000000000e+02
2.070000000000000000e+02
2.070000000000000000e+02
2.070000000000000000e+02
2.070000000000000000e+02
2.070000000000000000e+02
2.070000000000000000e+02
2.220000000000000000e+02
2.220000000000000000e+02
2.220000000000000000e+02
2.220000000000000000e+02
2.220000000000000000e+02
2.220000000000000000e+02
2.220000000000000000e+02
2.220000000000000000e+02
2.220000000000000000e+02
2.220000000000000000e+02
2.220000000000000000e+02
2.220000000000000000e+02
2.340000000000000000e+02
2.340000000000000000e+02
2.340000000000000000e+02
2.340000000000000000e+02
2.340000000000000000e+02
2.340000000000000000e+02
2.400000000000000000e+02
2.400000000000000000e+02
2.400000000000000000e+02
2.430000000000000000e+02
2.430000000000000000e+02
2.430000000000000000e+02
2.430000000000000000e+02
2.430000000000000000e+02
2.430000000000000000e+02
2.430000000000000000e+02
2.430000000000000000e+02
2.430000000000000000e+02
2.430000000000000000e+02
2.430000000000000000e+02
2.430000000000000000e+02
2.430000000000000000e+02
2.430000000000000000e+02
2.430000000000000000e+02
2.430000000000000000e+02
2.430000000000000000e+02
2.600000000000000000e+02
2.600000000000000000e+02
2.600000000000000000e+02
2.600000000000000000e+02
2.600000000000000000e+02
2.600000000000000000e+02
2.600000000000000000e+02
2.600000000000000000e+02
2.600000000000000000e+02
2.600000000000000000e+02
2.600000000000000000e+02
2.600000000000000000e+02
2.600000000000000000e+02
2.600000000000000000e+02
2.600000000000000000e+02
2.600000000000000000e+02
2.600000000000000000e+02
2.600000000000000000e+02
2.600000000000000000e+02
2.600000000000000000e+02
2.600000000000000000e+02
2.810000000000000000e+02
2.810000000000000000e+02
2.810000000000000000e+02
2.810000000000000000e+02
2.850000000000000000e+02
2.850000000000000000e+02
2.850000000000000000e+02
2.850000000000000000e+02
2.850000000000000000e+02
2.900000000000000000e+02
2.900000000000000000e+02
2.900000000000000000e+02
2.900000000000000000e+02
2.900000000000000000e+02
2.900000000000000000e+02
2.900000000000000000e+02
2.900000000000000000e+02
2.980000000000000000e+02
2.980000000000000000e+02
3.000000000000000000e+02
3.000000000000000000e+02
3.000000000000000000e+02
3.030000000000000000e+02
3.040000000000000000e+02
3.040000000000000000e+02
3.040000000000000000e+02
3.040000000000000000e+02
3.040000000000000000e+02
3.040000000000000000e+02
3.040000000000000000e+02
3.040000000000000000e+02
3.040000000000000000e+02
3.040000000000000000e+02
3.040000000000000000e+02
3.040000000000000000e+02
3.040000000000000000e+02
3.040000000000000000e+02
3.040000000000000000e+02
3.040000000000000000e+02
3.040000000000000000e+02
3.040000000000000000e+02
3.040000000000000000e+02
3.040000000000000000e+02
3.040000000000000000e+02
3.040000000000000000e+02
3.040000000000000000e+02
3.040000000000000000e+02
3.040000000000000000e+02
3.040000000000000000e+02
3.300000000000000000e+02
3.300000000000000000e+02
3.300000000000000000e+02
3.300000000000000000e+02
3.300000000000000000e+02
3.300000000000000000e+02
3.300000000000000000e+02
3.300000000000000000e+02
3.300000000000000000e+02
3.300000000000000000e+02
3.300000000000000000e+02
3.300000000000000000e+02
3.420000000000000000e+02
3.420000000000000000e+02
3.420000000000000000e+02
3.420000000000000000e+02
3.420000000000000000e+02
3.420000000000000000e+02
3.420000000000000000e+02
3.420000000000000000e+02
3.420000000000000000e+02
3.420000000000000000e+02
3.420000000000000000e+02
3.420000000000000000e+02
3.420000000000000000e+02
3.420000000000000000e+02
3.560000000000000000e+02
3.560000000000000000e+02
3.560000000000000000e+02
3.560000000000000000e+02
3.560000000000000000e+02
3.560000000000000000e+02
3.560000000000000000e+02
3.560000000000000000e+02
3.560000000000000000e+02
3.560000000000000000e+02
3.560000000000000000e+02
3.560000000000000000e+02
3.560000000000000000e+02
3.690000000000000000e+02
3.690000000000000000e+02
3.690000000000000000e+02
3.690000000000000000e+02
3.690000000000000000e+02
3.740000000000000000e+02
3.740000000000000000e+02
3.740000000000000000e+02
3.740000000000000000e+02
3.740000000000000000e+02
3.740000000000000000e+02
3.740000000000000000e+02
3.740000000000000000e+02
3.740000000000000000e+02
3.740000000000000000e+02
3.740000000000000000e+02
3.740000000000000000e+02
3.740000000000000000e+02
3.740000000000000000e+02
3.740000000000000000e+02
3.740000000000000000e+02
3.740000000000000000e+02
3.740000000000000000e+02
3.740000000000000000e+02
3.740000000000000000e+02
3.940000000000000000e+02
3.940000000000000000e+02
3.940000000000000000e+02
3.940000000000000000e+02
3.940000000000000000e+02
3.940000000000000000e+02
3.940000000000000000e+02
3.940000000000000000e+02
