chr	1	euclidean	0.018272199592934333	0.6298644745859489	0.06761791245658863	0.013278750221131688	0.018694499801392452	0.7604634239607254
chr	1	manhattan	0.059611265629458586	0.7332056993732858	0.20152098638616037	0.04596844385598624	0.06008549342571898	0.8343520870308383
chr	1	chebyshev	0.016584112224332863	0.48339845349665056	0.04910881852986903	0.010924485334612861	0.016906706954945016	0.633787552261821
chr	2	euclidean	0.012746215496870857	0.6625277307795071	0.07829004402750409	0.009502556659915968	0.013219427027607353	0.7871828554737271
chr	2	manhattan	0.04036599143763494	0.7891082210987348	0.16755307150492185	0.03590002026884978	0.041017956206457415	0.8762297633022635
chr	2	chebyshev	0.0036761866779278026	0.4568676934692362	0.020914908743783246	0.002550272756583846	0.004010484141315212	0.614964751736424
chr	3	euclidean	0.011925245358061812	0.6268128159742856	0.06580020645313152	0.008878333107672142	0.012456111603808254	0.7575526447843972
chr	3	manhattan	0.09211842160977031	0.723366540987424	0.24717306157375718	0.0683168491634252	0.09264503329360499	0.8248969982243131
chr	3	chebyshev	0.006638934733857074	0.449194834214106	0.024255886726333244	0.004517986604179619	0.007034041630985408	0.600808434349279
chr	4	euclidean	0.0034224754830508106	0.5431850559132029	-0.015321628836592398	0.002617447398456362	0.003935386756966092	0.697571944178836
chr	4	manhattan	0.036587692129526436	0.5557215518349176	0.09673474041352408	0.024063266590478305	0.037047174279665716	0.7021046375198104
chr	4	chebyshev	0.003568726337752333	0.42107719794227255	0.011565568170091403	0.002484105109896329	0.003979195215019095	0.5834492641433796
chr	5	euclidean	0.020916079253500173	0.6813826787122711	0.1046068304728514	0.015540994101867213	0.021561908920731752	0.8009816726159957
chr	5	manhattan	0.07486751994273426	0.7648542844715094	0.23175783591374055	0.058233456107371254	0.07556931073712032	0.857546991501565
chr	5	chebyshev	0.012281179605263662	0.4551407509297236	0.03276795758446171	0.008031524110021743	0.012721722599032642	0.6143194815366047
chr	6	euclidean	0.010514459912927616	0.519539644269012	0.041353893054670736	0.007392419056271955	0.01101310521344976	0.6628441870735486
chr	6	manhattan	0.0301679307316627	0.6426053773927185	0.1250751324250095	0.02214756965331307	0.030754623551089755	0.765029122443355
chr	6	chebyshev	0.006577974942752732	0.4283022023688524	0.020787478503408084	0.004515683330300085	0.007015559096881891	0.5731344361128524
chr	7	euclidean	0.004885832957503055	0.6500937286224975	0.04851989286863632	0.004054152549760019	0.0056081310949921215	0.778364790080741
chr	7	manhattan	0.05469876523662573	0.732195944328921	0.19052457277082183	0.042016222606978945	0.05545724055045672	0.8346225277334859
chr	7	chebyshev	0.011557814208916549	0.48301036992915547	0.04268301789312311	0.007755423425660088	0.012071597820164356	0.636673870503989
chr	8	euclidean	0.0050557673557335885	0.5987369549367587	0.0429985262493803	0.003921685804712989	0.005768843342950662	0.7398559712534688
chr	8	manhattan	0.03452795796857503	0.6541835071487268	0.12785602283262837	0.02439194519724544	0.035254083666060386	0.7796910462153004
chr	8	chebyshev	0.0072401085270167205	0.4347290116694949	0.022108663778935164	0.004877735760313058	0.007782422296679108	0.5957261698810384
chr	9	euclidean	0.01860509725030023	0.6837550084784495	0.09699531610009096	0.013805786329271215	0.01947648492365648	0.8044713014793439
chr	9	manhattan	0.06742134178593508	0.781730293582484	0.2190690740855955	0.053462771668126095	0.06843997092274234	0.8703767479538697
chr	9	chebyshev	0.012981433325004647	0.49416125020611423	0.04575277783208677	0.008588600042880005	0.0135976023114301	0.6543307972092266
chr	10	euclidean	0.009669327965773428	0.6452096168084601	0.0568125039296663	0.007592436293590574	0.010505945805807968	0.7734843736433984
chr	10	manhattan	0.061527733544348095	0.7725538186440915	0.21195701003707806	0.05171959169968363	0.06255313573707874	0.8629134709327966
chr	10	chebyshev	0.016780948103074633	0.4691127781735887	0.046581400444361445	0.011132766615673166	0.017370763431185314	0.621020932301186
chr	11	euclidean	0.003896248610051225	0.6327880865463377	0.038270378271366666	0.003397541661374935	0.004717531511378863	0.7643789634831654
chr	11	manhattan	0.027766349088821994	0.7653833832412865	0.13550270813294285	0.02497819511176563	0.028883995453356317	0.8602389314521853
chr	11	chebyshev	0.0030800614594467105	0.44001741822736923	0.014134385274721361	0.0023376247064443895	0.0036607554927836025	0.5942193443620619
chr	12	euclidean	0.01706960411387494	0.5735140164027874	0.0690596469060347	0.012095923010457069	0.017765652299027	0.7126853702431896
chr	12	manhattan	0.04369910393311609	0.6839790623077908	0.1598287863261061	0.03252637295310175	0.04450649785280835	0.7981451849722688
chr	12	chebyshev	0.003798334545840927	0.443072306538173	0.0189106486599793	0.0028137704265049877	0.004383987534812495	0.5945704602373713
chr	13	euclidean	0.014934273411747752	0.7035723349671754	0.0837091884636819	0.01138189824265249	0.01608730286685113	0.8207792349814348
chr	13	manhattan	0.0022694561288823427	0.8652676575719864	-0.021467062958776338	0.010220393710782802	0.0055534883263016815	0.9285554775152861
chr	13	chebyshev	0.011890977282674645	0.5091483177950166	0.045623347608222654	0.007923205830433868	0.012672764409049552	0.6725195046646758
chr	14	euclidean	0.032488531954476034	0.6294338294550161	0.10056691820646757	0.022501556442755467	0.03345955370612962	0.7637239401489666
chr	14	manhattan	0.1366085599765842	0.7531417805487791	0.2958056189271492	0.09753121869409309	0.13760800379612106	0.8488474036493437
chr	14	chebyshev	0.02067224453579243	0.4965061658086203	0.05476881432894912	0.013555227199238969	0.021466773159606916	0.6561381696796418
chr	15	euclidean	0.013846430028031157	0.6381309561588245	0.07841511457643698	0.010497336739358551	0.014905936369921755	0.7678082138427702
chr	15	manhattan	0.10429449257523908	0.6980454663474022	0.24268081601194438	0.07375124055062204	0.10524495551468939	0.8075229980636245
chr	15	chebyshev	0.019333863538197445	0.5336386540884132	0.06744340979411577	0.013218143271485272	0.020188971006742926	0.6815108284066241
chr	16	euclidean	0.007531019853039943	0.6299488363808342	0.059914368246765444	0.006024740991307102	0.008750698221272278	0.7645177774294122
chr	16	manhattan	0.015177186147924343	0.746323037141225	0.09790889333508435	0.013337467668505822	0.016834106750805728	0.8486666520275007
chr	16	chebyshev	0.0023295641140770214	0.4827708201534294	0.018496103179814653	0.002093679278136868	0.003287068781937158	0.6435627516809808
chr	17	euclidean	0.004585006598314271	0.5003537191037191	0.027735249827213194	0.00369940658900405	0.005606343454645474	0.6491383696608706
chr	17	manhattan	0.053567025215156265	0.6560146685146685	0.16793217218183443	0.03872499647313796	0.05474708626366952	0.7753470152842337
chr	17	chebyshev	0.002175324508371129	0.4207062832062832	0.004700108704513964	0.0019761354290963574	0.0030927573580335353	0.5715930649051998
chr	18	euclidean	0.001895557139342201	0.6261193421864271	0.022353538687696402	0.002313336357686179	0.003313699207088947	0.7627934095569109
chr	18	manhattan	0.01300597519419296	0.784214181244011	-0.056348868191907465	0.01611300848860575	0.01573150741496287	0.8781807544451963
chr	18	chebyshev	0.007181383665821708	0.475202414621183	0.03276998907059047	0.0052134341625874134	0.008223163937424423	0.6348428792939772
chr	19	euclidean	0.0036788214198824653	0.5362464320941316	0.021186659586708	0.0034753854714310506	0.005283227991004174	0.688849524362417
chr	19	manhattan	0.08109835094884489	0.6491159158425204	0.18889406198136283	0.055812890211243686	0.08270140801640767	0.7733385601639117
chr	19	chebyshev	0.0014702639123375337	0.4405058061212317	0.01489425757643759	0.0017947246752526836	0.0028482934100480185	0.6014096090808669
chr	20	euclidean	0.007477548468491649	0.6131527017996692	0.055408308688087694	0.0063724101134866335	0.009113835932537444	0.7482440068673225
chr	20	manhattan	0.00939726991091265	0.7968970721692339	-0.04645469405007642	0.016717496902814634	0.013288227035784946	0.8869808435009184
chr	20	chebyshev	0.00965194100051615	0.4510290124598056	0.032123644459873105	0.00693436534412679	0.010877776392036737	0.6050078976983321
chr	21	euclidean	0.0033020010277439193	0.6223987918597419	0.0350978931929523	0.00385214818519515	0.005790739817635216	0.763614769906158
chr	21	manhattan	0.10345730197518371	0.7006547918230203	0.22247270211114134	0.07073391055886188	0.10574254662925052	0.8156876016758275
chr	21	chebyshev	0.005096273510821163	0.48905581910945556	0.027958689634319637	0.004358650525227396	0.007015720001604962	0.6565648579509867
chr	22	euclidean	0.021649070033491303	0.5726778621698836	0.07842155097419412	0.015090446617453748	0.023571510574216296	0.7231713496184062
chr	22	manhattan	0.05398331634153739	0.665040763709846	0.1546353872536304	0.03734740224598585	0.05611233949395502	0.791180261087622
chr	22	chebyshev	0.021784800083077083	0.5210167313156652	0.06428334719719987	0.014755642526455	0.023550365747816195	0.6814506068622045
