chr	1	ctcf	198	137	0.6989795918367347	8423.413705583756
chr	1	smc3	198	103	0.5282051282051282	8423.413705583756
chr	1	rad21	198	104	0.5360824742268041	8423.413705583756
chr	1	polr2a	198	78	0.4	8423.413705583756
chr	1	H3K9me3	198	20	0.10101010101010101	8423.413705583756
chr	1	h3k4me3	198	80	0.42328042328042326	8423.413705583756
chr	1	H3K4me1	198	95	0.4846938775510204	8423.413705583756
chr	1	H3K36me3	198	61	0.3112244897959184	8423.413705583756
chr	2	ctcf	179	179	1.0	7415.596910112359
chr	2	smc3	179	101	0.5642458100558659	7415.596910112359
chr	2	rad21	179	179	1.0	7415.596910112359
chr	2	polr2a	179	47	0.26256983240223464	7415.596910112359
chr	2	H3K9me3	179	26	0.1452513966480447	7415.596910112359
chr	2	h3k4me3	179	56	0.3163841807909605	7415.596910112359
chr	2	H3K4me1	179	75	0.423728813559322	7415.596910112359
chr	2	H3K36me3	179	48	0.2711864406779661	7415.596910112359
chr	3	ctcf	161	110	0.6832298136645962	7400.45
chr	3	smc3	161	81	0.5031055900621118	7400.45
chr	3	rad21	161	90	0.5590062111801242	7400.45
chr	3	polr2a	161	42	0.2608695652173913	7400.45
chr	3	H3K9me3	161	20	0.12422360248447205	7400.45
chr	3	h3k4me3	161	45	0.2830188679245283	7400.45
chr	3	H3K4me1	161	63	0.3987341772151899	7400.45
chr	3	H3K36me3	161	43	0.2670807453416149	7400.45
chr	4	ctcf	134	76	0.5671641791044776	6139.9473684210525
chr	4	smc3	134	54	0.40298507462686567	6139.9473684210525
chr	4	rad21	134	67	0.5	6139.9473684210525
chr	4	polr2a	134	20	0.15037593984962405	6139.9473684210525
chr	4	H3K9me3	134	14	0.1044776119402985	6139.9473684210525
chr	4	h3k4me3	134	28	0.21052631578947367	6139.9473684210525
chr	4	H3K4me1	134	33	0.24812030075187969	6139.9473684210525
chr	4	H3K36me3	134	20	0.15037593984962405	6139.9473684210525
chr	5	ctcf	130	84	0.6511627906976745	6785.218992248062
chr	5	smc3	130	65	0.5	6785.218992248062
chr	5	rad21	130	71	0.5461538461538461	6785.218992248062
chr	5	polr2a	130	40	0.3125	6785.218992248062
chr	5	H3K9me3	130	11	0.08461538461538462	6785.218992248062
chr	5	h3k4me3	130	48	0.3779527559055118	6785.218992248062
chr	5	H3K4me1	130	48	0.375	6785.218992248062
chr	5	H3K36me3	130	42	0.3230769230769231	6785.218992248062
chr	6	ctcf	150	102	0.68	7542.1996644295305
chr	6	smc3	150	79	0.5266666666666666	7542.1996644295305
chr	6	rad21	150	89	0.5933333333333334	7542.1996644295305
chr	6	polr2a	150	46	0.30666666666666664	7542.1996644295305
chr	6	H3K9me3	150	21	0.14	7542.1996644295305
chr	6	h3k4me3	150	53	0.3581081081081081	7542.1996644295305
chr	6	H3K4me1	150	59	0.4013605442176871	7542.1996644295305
chr	6	H3K36me3	150	38	0.2550335570469799	7542.1996644295305
chr	7	ctcf	121	80	0.6611570247933884	7144.004166666667
chr	7	smc3	121	57	0.47107438016528924	7144.004166666667
chr	7	rad21	121	64	0.5333333333333333	7144.004166666667
chr	7	polr2a	121	36	0.2975206611570248	7144.004166666667
chr	7	H3K9me3	121	11	0.09090909090909091	7144.004166666667
chr	7	h3k4me3	121	41	0.33884297520661155	7144.004166666667
chr	7	H3K4me1	121	42	0.34710743801652894	7144.004166666667
chr	7	H3K36me3	121	25	0.20833333333333334	7144.004166666667
chr	8	ctcf	103	73	0.7087378640776699	7414.267156862745
chr	8	smc3	103	56	0.5436893203883495	7414.267156862745
chr	8	rad21	103	59	0.5728155339805825	7414.267156862745
chr	8	polr2a	103	28	0.27184466019417475	7414.267156862745
chr	8	H3K9me3	103	14	0.13592233009708737	7414.267156862745
chr	8	h3k4me3	103	30	0.297029702970297	7414.267156862745
chr	8	H3K4me1	103	36	0.34951456310679613	7414.267156862745
chr	8	H3K36me3	103	19	0.18446601941747573	7414.267156862745
chr	9	ctcf	91	91	1.0	8006.450000000001
chr	9	smc3	91	44	0.4835164835164835	8006.450000000001
chr	9	rad21	91	48	0.5274725274725275	8006.450000000001
chr	9	polr2a	91	28	0.3076923076923077	8006.450000000001
chr	9	H3K9me3	91	9	0.0989010989010989	8006.450000000001
chr	9	h3k4me3	91	31	0.34065934065934067	8006.450000000001
chr	9	H3K4me1	91	40	0.4444444444444444	8006.450000000001
chr	9	H3K36me3	91	25	0.2808988764044944	8006.450000000001
chr	10	ctcf	105	63	0.6	8109.2139423076915
chr	10	smc3	105	48	0.45714285714285713	8109.2139423076915
chr	10	rad21	105	47	0.44761904761904764	8109.2139423076915
chr	10	polr2a	105	32	0.3076923076923077	8109.2139423076915
chr	10	H3K9me3	105	13	0.12380952380952381	8109.2139423076915
chr	10	h3k4me3	105	39	0.375	8109.2139423076915
chr	10	H3K4me1	105	45	0.4326923076923077	8109.2139423076915
chr	10	H3K36me3	105	41	0.3904761904761905	8109.2139423076915
chr	11	ctcf	107	75	0.7009345794392523	8684.047169811322
chr	11	smc3	107	61	0.5700934579439252	8684.047169811322
chr	11	rad21	107	63	0.5887850467289719	8684.047169811322
chr	11	polr2a	107	34	0.3177570093457944	8684.047169811322
chr	11	H3K9me3	107	14	0.1308411214953271	8684.047169811322
chr	11	h3k4me3	107	40	0.37735849056603776	8684.047169811322
chr	11	H3K4me1	107	44	0.411214953271028	8684.047169811322
chr	11	H3K36me3	107	28	0.2616822429906542	8684.047169811322
chr	12	ctcf	109	69	0.6330275229357798	8101.19212962963
chr	12	smc3	109	58	0.5321100917431193	8101.19212962963
chr	12	rad21	109	61	0.5596330275229358	8101.19212962963
chr	12	polr2a	109	39	0.3577981651376147	8101.19212962963
chr	12	H3K9me3	109	21	0.1926605504587156	8101.19212962963
chr	12	h3k4me3	109	51	0.4766355140186916	8101.19212962963
chr	12	H3K4me1	109	82	0.7522935779816514	8101.19212962963
chr	12	H3K36me3	109	65	0.5963302752293578	8101.19212962963
chr	13	ctcf	67	42	0.6268656716417911	6097.689393939394
chr	13	smc3	67	30	0.44776119402985076	6097.689393939394
chr	13	rad21	67	32	0.47761194029850745	6097.689393939394
chr	13	polr2a	67	17	0.2537313432835821	6097.689393939394
chr	13	H3K9me3	67	8	0.11940298507462686	6097.689393939394
chr	13	h3k4me3	67	16	0.24242424242424243	6097.689393939394
chr	13	H3K4me1	67	24	0.3582089552238806	6097.689393939394
chr	13	H3K36me3	67	11	0.16417910447761194	6097.689393939394
chr	14	ctcf	70	52	0.7428571428571429	8107.336956521739
chr	14	smc3	70	38	0.5428571428571428	8107.336956521739
chr	14	rad21	70	44	0.6285714285714286	8107.336956521739
chr	14	polr2a	70	26	0.37142857142857144	8107.336956521739
chr	14	H3K9me3	70	13	0.18571428571428572	8107.336956521739
chr	14	h3k4me3	70	28	0.4	8107.336956521739
chr	14	H3K4me1	70	31	0.44285714285714284	8107.336956521739
chr	14	H3K36me3	70	18	0.2608695652173913	8107.336956521739
chr	15	ctcf	77	57	0.7402597402597403	8332.730263157895
chr	15	smc3	77	45	0.5844155844155844	8332.730263157895
chr	15	rad21	77	45	0.5844155844155844	8332.730263157895
chr	15	polr2a	77	27	0.35064935064935066	8332.730263157895
chr	15	H3K9me3	77	9	0.11688311688311688	8332.730263157895
chr	15	h3k4me3	77	27	0.35526315789473684	8332.730263157895
chr	15	H3K4me1	77	37	0.4805194805194805	8332.730263157895
chr	15	H3K36me3	77	19	0.25	8332.730263157895
chr	16	ctcf	62	62	1.0	9392.446721311477
chr	16	smc3	62	36	0.5806451612903226	9392.446721311477
chr	16	rad21	62	37	0.5967741935483871	9392.446721311477
chr	16	polr2a	62	25	0.4032258064516129	9392.446721311477
chr	16	H3K9me3	62	6	0.0967741935483871	9392.446721311477
chr	16	h3k4me3	62	26	0.43333333333333335	9392.446721311477
chr	16	H3K4me1	62	31	0.5	9392.446721311477
chr	16	H3K36me3	62	21	0.35	9392.446721311477
chr	17	ctcf	69	48	0.6956521739130435	11273.808823529413
chr	17	smc3	69	37	0.5362318840579711	11273.808823529413
chr	17	rad21	69	37	0.5362318840579711	11273.808823529413
chr	17	polr2a	69	28	0.4117647058823529	11273.808823529413
chr	17	H3K9me3	69	7	0.10144927536231885	11273.808823529413
chr	17	h3k4me3	69	35	0.5072463768115942	11273.808823529413
chr	17	H3K4me1	69	40	0.5882352941176471	11273.808823529413
chr	17	H3K36me3	69	24	0.34782608695652173	11273.808823529413
chr	18	ctcf	56	33	0.5892857142857143	7037.681818181818
chr	18	smc3	56	29	0.5178571428571429	7037.681818181818
chr	18	rad21	56	28	0.5	7037.681818181818
chr	18	polr2a	56	15	0.26785714285714285	7037.681818181818
chr	18	H3K9me3	56	6	0.10714285714285714	7037.681818181818
chr	18	h3k4me3	56	18	0.32142857142857145	7037.681818181818
chr	18	H3K4me1	56	20	0.35714285714285715	7037.681818181818
chr	18	H3K36me3	56	15	0.26785714285714285	7037.681818181818
chr	19	ctcf	42	36	0.8571428571428571	12329.871951219511
chr	19	smc3	42	28	0.6666666666666666	12329.871951219511
chr	19	rad21	42	29	0.6904761904761905	12329.871951219511
chr	19	polr2a	42	25	0.5952380952380952	12329.871951219511
chr	19	H3K9me3	42	7	0.16666666666666666	12329.871951219511
chr	19	h3k4me3	42	27	0.6428571428571429	12329.871951219511
chr	19	H3K4me1	42	23	0.5476190476190477	12329.871951219511
chr	19	H3K36me3	42	18	0.42857142857142855	12329.871951219511
chr	20	ctcf	50	42	0.84	9975.734693877552
chr	20	smc3	50	37	0.74	9975.734693877552
chr	20	rad21	50	39	0.78	9975.734693877552
chr	20	polr2a	50	18	0.3673469387755102	9975.734693877552
chr	20	H3K9me3	50	5	0.1	9975.734693877552
chr	20	h3k4me3	50	18	0.36	9975.734693877552
chr	20	H3K4me1	50	30	0.6	9975.734693877552
chr	20	H3K36me3	50	17	0.34	9975.734693877552
chr	21	ctcf	27	14	0.5185185185185185	6590.942307692308
chr	21	smc3	27	8	0.2962962962962963	6590.942307692308
chr	21	rad21	27	11	0.4074074074074074	6590.942307692308
chr	21	polr2a	27	8	0.2962962962962963	6590.942307692308
chr	21	H3K9me3	27	3	0.1111111111111111	6590.942307692308
chr	21	h3k4me3	27	9	0.3333333333333333	6590.942307692308
chr	21	H3K4me1	27	9	0.3333333333333333	6590.942307692308
chr	21	H3K36me3	27	7	0.25925925925925924	6590.942307692308
chr	22	ctcf	30	24	0.8	10456.956896551723
chr	22	smc3	30	14	0.4666666666666667	10456.956896551723
chr	22	rad21	30	14	0.4666666666666667	10456.956896551723
chr	22	polr2a	30	16	0.5333333333333333	10456.956896551723
chr	22	H3K9me3	30	2	0.06666666666666667	10456.956896551723
chr	22	h3k4me3	30	16	0.5333333333333333	10456.956896551723
chr	22	H3K4me1	30	20	0.6666666666666666	10456.956896551723
chr	22	H3K36me3	30	15	0.5	10456.956896551723
